"V1","V2","V3","V4","V5","V6","V7","V8","V9","V10","V11","V12","V13","V14","V15","V16","V17","V18","V19","V20","V21","V22","V23","V24","V25","V26","V27","V28","V29","V30","V31","V32","V33","V34","V35","V36","V37","V38","V39","V40","V41","V42","V43","V44","V45","V46","V47","V48","V49","V50","V51","V52","V53","V54","V55","V56","V57","V58","V59","V60"
-2.9913386595259,-1.98739236177787,-2.39565667783241,4.6539379991251,0.568337032468312,3.80143302659937,-1.2621509359964,4.63162660172732,5.80654010124434,0.186047047846951,-5.43481063485437,0.198989584998363,-0.543350519958577,2.67504253921134,0.656126708072546,4.64422366181251,0.00982395157230109,1.2869378720536,-3.23268376562148,2.27190732988394,-1.5172065391601,-0.804599755793212,-0.41084279398172,3.99534174922788,-0.90690185326744,-1.08474182694112,-0.824631728098694,1.32186903226573,0.00643358168905186,0.939413812577992,1.14011411319139,1.24017142201254,-1.40132478391551,-1.06182857738001,-5.01247589306325,1.34319055720587,2.12056802704871,-4.05903905114188,-1.83434665507348,-1.32209332847758,1.71624571808873,5.67397589115398,-1.07219784695839,1.31760970076025,-3.66561218297028,0.0356113590516501,-0.360819751299842,2.13040420175684,-2.73015693287521,2.37261337275423,1.06401195376304,-1.73867473722985,-1.11629456098224,0.481685717629106,2.08223132698304,1.79682075496833,2.19123604224292,-1.44638458024841,6.62306872223859,0.846612381452325
-3.83602352500407,2.76922372144782,-0.599604246258084,0.448105215112699,2.28648224604945,4.92980713391164,-2.98494228140074,3.52702435205704,5.25495565552066,0.673824439302752,-1.68047063053894,2.99346378941837,3.72430001097124,5.59849288426928,5.31364958725238,10.7668446301326,3.56550341433524,0.19942127246432,-6.71574487687452,6.83510603367918,-2.79021748771942,-0.00818384169189981,2.98222755153514,0.540044098309464,5.19837608913281,-0.0678381511644865,-1.55831758406842,2.19944554711546,5.21909256238636,5.63761135533816,-0.567087971940525,-5.36843690192375,-1.77425905882809,4.51351346491389,-5.74654381600113,-1.10156297168649,2.82208320374758,-0.253488437467045,0.69966574639318,-1.19998519349433,0.809196439342867,0.396077333449339,-6.52158410586589,5.6764518166802,-4.27329701282941,-3.65925541879787,-1.48304270967386,-2.54123953541672,-7.83537340202973,6.47182669819517,1.88254105358999,2.74566520504022,-0.0505692187775973,-0.22638560267222,-0.136843046786244,2.83133747284183,1.00207607577874,-1.41086066899418,9.32370243169479,-0.570715189894763
-1.59418140061889,4.84974643611634,-6.62987122500753,-3.08736414683716,0.65972084895622,3.96461761930639,0.864096733751229,3.85524220480603,-0.623983539133562,1.40092278150796,-1.67797331822281,-1.59654492885445,-3.05722503759852,1.95634227025565,-3.70534635802454,0.313171543394336,1.58478173070081,0.639960064316553,-0.16937976221568,-1.50748175454345,-5.12068511891174,4.05878958450886,2.20207170382788,-1.01317594757603,-1.38569618278996,3.86886177739493,0.404154448060624,-0.669046937201084,2.46502649573489,-2.23640113035009,0.501224012406297,-1.81359369479159,-4.62106917480831,3.98222320174233,1.04362220776613,-2.7893784205915,-3.45942402483178,-2.33682897249875,-1.18079331289992,0.597325379526862,-4.30396814136438,-0.975090191419527,-5.82287186350016,-0.92074427825414,-1.74268030540269,-0.692756072675545,-1.15623304801267,2.57484215184312,0.755060491112943,-2.98777542179634,-5.65352555592099,-3.11992649678804,-0.518535399389997,1.0004719906773,-1.46228757224096,0.737132968165744,-2.55490204977725,5.65862246977365,6.80509331282246,7.3175749805909
-0.751472794660288,2.61790589750108,-1.59213634164138,1.17796867009546,0.181063335726662,-0.38413205305421,0.883995273369831,3.34167170891146,-4.32403112463697,-0.634174021753771,3.84714901107074,-0.494648998250772,-2.25522544240316,-4.49092224532051,1.66789026962931,2.42788240621163,-2.1017453823644,-1.48462706754705,-1.34471381691002,-0.796573267762443,-3.8115068486594,2.35641238333012,-0.620820829104763,-2.23445578506651,-1.94084809896431,1.00771067959569,0.530199502809357,-4.23345372579014,-0.00892182042034567,2.28999935925381,-3.18689666425592,-6.23233619680831,1.84325478215362,1.29549199376072,2.30737275146055,-3.258492812018,-1.13572806769109,-1.10181102302009,3.48469098281876,3.71094933949055,-1.44228066373346,-2.01820844155872,-2.51403171872599,1.19278276329318,2.52646752211809,-3.23593743019771,2.78137578299842,0.705831575269782,2.36327368693117,3.14861467743849,3.25746114523828,0.019802585769293,1.3416579519553,-0.252531087788576,-1.7828846827943,-3.54496379803935,-2.65551342601815,3.64603072694648,-0.123765209624308,0.932448673910955
-5.64286144814028,4.27987471801604,-0.901137265645316,-2.09238402281896,-2.85855779099399,5.57581799630526,-1.97633518650717,5.81862888962607,1.67937704471389,-0.753870640233068,-4.33780104623729,3.38861632674896,1.92262751690919,4.22218219756575,4.33616574023072,8.69820290330718,2.21381156219907,2.17324381391636,-4.90445647180887,-1.62883225615543,2.31783709179796,1.77290338125586,-1.52678259318002,1.04013924794331,0.401717609738629,-3.90150970347128,3.31320074393194,5.7977148655578,4.21194066789257,3.21661619532422,-4.33427717988283,-0.14580253355955,-7.22898943390169,2.45954220464416,-1.86064140813182,-2.11471367056282,-1.61897673390611,-0.869098909436207,-2.37496847553095,3.75832499029071,-0.134542580415775,-3.63441918254722,-3.15704867360161,4.06264250632183,-6.23692166544616,-7.76505732314398,-2.60484698671875,-0.907809736566091,-3.02536900835731,2.49095520155008,0.987238100501583,0.352530621795248,4.64210742461575,4.5970719925209,2.00288445837398,1.96072415233137,-0.0234018193326132,4.96067966969649,4.86321677958603,0.0385006143790673
-4.11957943088003,3.3935437727808,-0.406605340580206,-2.02357293633363,-1.60488216146585,5.5156903048838,0.489987102944381,3.8928938115979,4.56207734673368,-3.45384217529485,-3.08359539861158,0.58158058529012,2.13232376135249,2.70130257137054,2.17616577967086,3.30399837871386,4.6743467919759,2.33444959921323,-1.59817339491206,1.50440679599205,3.06946825249904,4.3879356150826,-4.27430756367985,0.615703531337237,-1.14524559890924,-4.96575956169329,3.33569800689773,7.58527818587867,4.72838103323917,3.10373967744252,-2.39970604296524,0.906325047270314,-6.67564045492587,3.21044141771556,-1.14046560582839,-2.07904416224377,-0.633447967986892,-2.48829501248691,-3.16622738568575,0.0906712606217539,2.38080011892625,-4.02879809856085,0.42108059263729,-1.01690077787372,-5.34784940121253,-4.81836020891279,-2.39316975983288,-2.6882033508281,-1.84628474101059,0.808000227348768,-5.01781939263263,2.48312270822797,1.69236438443507,3.53537583910438,0.485880520796646,0.865073448801442,-0.234918635096974,-2.7079084217904,1.94408749710298,-2.41205203279611
-1.62819292119634,2.60762042744692,1.05031503264596,0.118574816936835,3.31080573500291,0.675065099207573,-3.01308658310245,3.11224539946138,11.1062861621943,1.70163847324338,-5.54737147657029,0.866209152809551,4.57114107054512,3.71296790720749,3.50229049531798,6.46195551029196,5.2483089373203,1.51723753819022,-4.18220232617511,6.24608956096199,-1.9830908125287,0.524618588485625,-1.39970170435149,-1.57201175538716,4.37796866141614,-3.51578660764103,-3.95586012505518,6.73966150866503,6.68914736376293,3.87992310258631,1.01652643890918,-2.20585168379933,-4.04745658025436,3.37174444519022,-5.53615485578705,-0.798875818659756,1.84239152081458,-1.22241499581656,-3.33168391875245,-3.43539190690213,2.02308570483976,-1.15568812875545,-0.606191724809237,4.05563822005867,-7.39526506377801,-1.51329287356679,-4.25774843328619,-4.24461442551776,-8.4147185179967,3.99806048627604,-3.42422805555048,3.40162891900708,-1.98083697401233,0.0486008263035367,1.31933224398308,5.36452118679884,2.35589028857607,-3.19440457057363,8.04670920726888,-3.39277346628653
4.00023573268838,2.44947812302295,-8.90365902460317,0.414216453996077,1.63599858821441,6.79816730715273,2.41320282445286,-2.44425173986267,-0.0592389708206162,1.27882310137131,-2.90561531473086,-1.2658739128727,0.0336658714311731,4.1950973193592,-1.64986492324232,-4.3559428466611,0.428358830321933,4.25704376219316,5.8531827041075,-0.928284335285084,-1.8583497528999,-1.91413756183738,3.62227138235081,1.2190425664012,-5.47882818283501,0.529601741014499,0.194548268371079,3.67662799846991,-1.76517209632322,-5.0661616421711,3.05583905157696,3.63197201855153,-1.26351858387318,1.70344368377885,0.411190313300915,1.3847457433424,-3.68365270979219,-1.1847664345557,-3.68686805441089,2.17989310131571,-2.87820223425358,4.06736238448219,1.11567519447787,-3.08827226025692,1.70076406020475,-1.65869197357887,-3.11402417822702,1.04227384364607,1.15687734956296,-5.73782927651524,-0.250290317539845,0.710836089682526,1.36384113125253,-1.9260947924006,-0.39610678894078,-2.57683319824537,0.199764618483503,4.7107800504561,3.32855620776402,1.23391409207184
2.77213360187555,1.64163953823826,-1.28909691227753,0.137653968276657,-2.07971707005391,4.03335351972772,0.977856755628773,-1.20827028039115,2.79978762506264,-1.82531269091417,-4.96088047122629,3.64891512689578,1.88430280001595,3.95579331138512,1.47245240047403,-0.51851056926495,0.254164809981413,4.27197808046872,-0.0947982237120388,-1.13396586120791,6.30644675854538,-2.66832026746896,-1.25667107453289,1.57207304568706,-0.657665375438641,-3.25732312830055,4.43583952273532,9.88565335205062,2.5378255303489,-0.955822047472284,-0.916236568133987,3.39006047111844,-4.38608667973533,0.587576585735421,-1.00376723574244,0.647035223432735,-0.0989764323389836,1.34852681384671,-4.51093161061127,1.73566182022979,1.69132914545433,-1.54289123515496,4.60628871159475,-2.01676431485285,-1.87377985400243,-4.05781131797248,-2.71114590014053,0.273806040535005,-2.00857516783775,-3.02803380827595,1.35870067852434,1.26305189650849,2.85811597322043,1.47990283725163,1.89607460194109,-0.858047160592732,2.37155908940726,4.54832978471868,1.37482918241099,-2.50116029445203
1.62322695197473,4.0043304353443,3.27356314732146,-4.2059474453937,-4.38878802329326,-2.24140535111072,5.12459279274319,0.0480930392151284,0.409060899983438,-5.22450576744289,-3.13399978870491,-1.83033910817167,-0.400351100841705,-0.342986120048923,-4.51067591321341,-4.97646725586961,2.22865209488213,1.9890354294498,-0.41107400666132,-2.78316015326506,6.84163004481208,5.06743910911417,-7.89396871158867,-2.08922680320057,-1.86318173072611,-5.30163440607904,7.14795568752387,8.99318012687295,3.87575893312819,-1.07948673520247,-4.65670212895075,6.40922822583056,-7.58893900381321,0.507490005058443,2.96329065303194,-4.01511852941589,-1.48792333496719,1.36146506230175,-2.87793986791499,0.23698721789968,1.29434220800127,-9.64043729451789,5.39792948796222,-8.12159052557881,-0.785132599546233,-0.640417704602318,-1.42944067198454,-1.05115454581699,1.98446738100737,-9.1578296263574,-7.54955386732244,0.994895386058066,3.48006051265861,6.49788675551727,1.40170423797823,0.481914998349442,0.248657139341472,-2.62034632536506,-4.4876669233052,-0.891690263164467
0.583661516784033,2.19224899503041,-2.61746449297115,-4.86500942853586,0.375697545718653,1.04603360657323,1.62201036405972,-1.08189496107256,-0.0701878450248276,-0.484907921091377,-1.11592692321275,-1.05450946453228,-0.23507845603169,3.3110570898887,-3.55832276614601,-2.70137900993833,1.75441701867662,2.15907173031995,3.56715616590634,-1.3025525837648,-0.75427613343474,0.842127599650642,1.29440419974446,-1.65947416736434,-0.131955658417005,1.69148781653745,-0.112154334217067,1.51637199239097,0.292655378837044,-5.07351978522123,1.44358523049506,2.29944224769233,-2.2348806684311,1.79973694436465,1.02171835925514,0.417855190805535,-1.62164105056357,0.932053485571797,-2.37568664815985,-1.87268028704087,-2.68027737128392,-1.74027519715891,-1.6829314516826,-3.39084740965571,-0.539450914803552,2.05185736944136,-2.54027541383433,0.639635430691246,1.64379264679654,-4.90170494321853,-6.30287126431787,-0.952283352503308,0.929251920368037,1.87249173699741,-0.980101503626846,1.8803708427396,1.27807299973865,-0.42426608183511,0.204472140695861,2.50307366410385
0.262396484724104,-4.60239229787313,3.44232217471144,1.93987837054338,-3.99482165023073,-3.81632993779857,-1.59209160970783,-1.0327376612874,-4.75945151293304,0.00374676507930138,-0.941687618668558,-0.752197198162987,0.146279549796452,1.92574354592278,1.0690622748016,2.79262332455282,2.92316572335376,-1.48157467487028,-3.68393128664251,-0.993394038638137,2.93567714377209,-1.31512739501044,-2.10254563409119,0.808602553295319,-3.70810861625157,-2.68280270617967,4.46017068849024,1.96805693066296,-2.28239793009814,0.818682424607194,-1.09179947433604,7.90499925256648,1.68814951478082,-2.21998129062836,-0.83319309876554,0.545936369569312,5.3085721040529,4.78071668428335,3.24831258866865,-1.55315010396232,1.39908970272528,-2.29704960028585,-2.55918617291881,0.526186205369577,1.08467784999883,5.82925141066407,1.89576665589596,2.63342886810625,-0.935637582562804,-2.62408815926674,2.07329805273597,-1.91249752761399,5.8327048144109,3.27670287235572,4.64752673383028,1.8122397326389,2.39755079447115,-8.0193224008284,-6.16700466492958,-1.59528782966131
4.93664926338116,1.08800360492273,-6.92541542224311,-2.82912148698068,3.90797226818657,1.31132118818261,4.21200451407127,-3.92696070249724,1.27485318461564,2.47648272620546,0.000523696744164893,-5.83982284721916,-0.435702362018997,0.255122179957432,-4.33577186154583,-9.73946994602549,2.10487590133582,-0.0318850949077075,8.94659213769265,0.861861469769227,-6.0144173076768,1.76006391643751,2.38389185146025,-1.9083758831093,-4.61835508466638,3.53363312179225,-2.82119439816367,-0.256500242452113,-3.00664184239374,-8.72344088289442,3.95881625007079,3.1343529648603,2.44522930817771,0.828977144883242,2.0559256005453,3.86176089465074,-4.25472651099476,0.106654114291894,-4.66189477006708,-1.85307562085511,-3.31594748993813,3.02969764986512,0.743342142771192,-5.73362499759331,1.76154310246541,4.0453604271103,-1.75023575103179,0.280291186822783,3.95683322096434,-8.11190613657155,-7.68296499346353,1.51243617713783,-2.44367288455563,-2.32177876750395,-3.04917995757333,-1.75530982725899,-1.5264616610747,-3.06536256737666,-2.06538982983984,1.69089356148722
6.6419260884848,3.50662754330427,-0.96306312202601,-3.11882319454808,2.06651156202718,-2.64774317578389,6.30528425888563,-4.9221895073037,-0.733420535010601,-2.4303427131993,0.451662515332767,-0.112895430271776,-0.843440524200403,-2.22901769840561,-3.43710051198129,-7.62846019625379,-0.79874534892754,1.76675305636631,-0.388098793940564,1.57098629683627,1.06577899154234,-0.269197358878486,0.828182481945834,-2.45820069547776,1.70421238248057,1.13786217993059,2.46799504777662,3.15579401644112,2.83550339042602,-2.10191066375879,-1.00227444425156,-0.369308425760059,-1.46396688974514,0.473214526623921,0.32663733498843,-2.35740181839481,1.94563388229968,2.03328443025826,1.23876211340003,-0.38073519504909,-0.631692518545476,-5.12508117564309,2.62686295247417,-4.31403325468824,4.19554056078669,1.40950376958052,-0.457150063496605,-0.108076117578405,0.307930062811744,-4.85257388874709,-1.85101990083973,-0.696287189183582,0.557869444964693,0.217407213080334,-0.405427398034518,-2.77368345064255,1.84473281248486,0.346463633923679,-0.357189421755206,2.49825618582872
4.09094446921132,2.44167431840183,1.62698757906628,-1.90311754017356,1.78314494788232,-1.961208908543,4.09493305787875,-4.08619140335155,2.22471875689504,-2.75952720363652,1.20074025621258,-3.01571468634456,2.84943541146049,-2.6394632811118,0.435846895840535,-7.08309889513847,3.59544748337768,0.702427668013012,4.39240929843257,3.50198913548075,-0.293997488527074,1.24179523121103,-4.23422117308777,-4.39574433694133,-0.352205441666097,-2.11255129317869,0.575533229808823,4.99964573060726,1.07839914550002,-1.31516454428202,-1.20648518431076,3.69601595071201,1.42491170872898,0.872808393904698,1.99869311781695,-0.0819706262289245,-0.568600573376886,3.32462977628018,-2.01394744610221,-2.15029582781947,1.26863397532598,-5.09395950868819,4.80468810661088,-4.85059590274969,1.29440141528455,2.07939857322676,-0.876571359618884,-3.25497671931071,-0.198707160902978,-5.78145123864011,-2.71294945609913,4.66000854710858,0.183399267918075,-0.12931964764505,-1.74668088405917,-2.41390024919584,-1.50753935536668,-6.48033511616537,-6.87196796180712,-5.8313711181608
1.90679225825879,4.22797432435861,2.03278374026632,-6.02399852417043,3.75480676652282,-4.34278038327349,2.30984006276607,-1.51875112924092,4.76195943164064,0.990703665920874,-2.24962284202441,-2.43095401651566,2.18690386545857,-1.86449231675397,-3.77820619756195,-7.27965923998157,3.08708795446991,-0.676393480219871,6.07709546210809,1.28057669713833,-4.54249468274309,1.47860385424132,-2.54269807955542,-4.91032033209676,2.74326039460552,1.57723126087462,-3.79533727686354,3.47032393287318,3.07814218723916,-2.89553041628344,1.44932194822174,-1.00712516235564,-0.847524809747255,-0.373247743716015,2.15447668116647,0.648552430166837,-5.02782638725329,1.52764317550726,-5.65702074679172,-3.58265288730158,-1.6193218240901,-3.27857422999171,4.48693142018146,-2.91560345199465,-3.37944433823374,3.19230116113216,-3.64455939223713,-0.642723075391098,-0.332965752633199,-5.58538288381446,-8.74817927427681,1.76510079414084,-5.29385431469227,-0.48800263611103,-2.96168381027386,2.74106256777526,-2.1450945380651,-0.715347805062479,-0.883326345230867,-1.49757584230704
-0.500868299400892,2.11524295647456,3.85965082569444,-1.72485381152793,1.49927725755614,-0.548399127128675,2.09513550048694,2.30201982154566,4.99265821759337,-2.94159685393223,3.88446310762898,-1.50088028516303,2.47515361508829,-6.72317985181207,0.800945481461106,-3.36233786249762,1.488168719201,-2.57772502474819,5.33340513423973,3.17473217266577,-2.29159539412267,3.68354499450066,-5.85651887450476,-3.03472525380775,1.23013832641874,-2.23987742071214,-3.90385729266443,-1.50503538579194,2.35897160939437,1.64199537969078,-0.905690059441831,-6.76990295707074,0.497777279039529,0.164432386110148,3.61579705474062,-0.0515798107026969,-2.81961726241945,-3.41162195249634,-0.369504878474624,-2.61223840087553,3.50956208929308,-0.728618309994978,5.99139137679706,-2.31542071284288,-3.41722371954869,-4.03028376858614,1.68589060375816,-4.28831261847526,1.57971618649722,3.71401878953078,-3.15830687531012,5.31349738211271,-5.33225838470161,-1.43040432080774,-3.04663365619994,-0.627330678807739,-3.24718485434253,-2.42486069938902,-2.81172230612247,-3.51010709106194
1.27292039391035,-2.14798360757959,1.00219435999553,-0.994577654211542,0.176694570570372,-1.59793928819774,3.40934346492348,-2.72019465222781,-0.844334843994678,-1.23613691081624,4.53924895739079,-4.1589156157902,-0.204496738693694,-2.30331362701289,-2.79982636819606,-5.21116472655442,0.302064670636438,-2.11387614043415,3.56043656946563,1.68640021769696,0.245987014686816,3.40875521612937,-2.4591423408551,-0.501313618713236,-3.23386861969916,-0.57084388390118,-1.63913373965712,-2.95637893003636,-4.32321747136607,-2.88452477673318,1.22477180838405,1.63588082599711,2.93346124912796,-0.146353934777618,4.12151141819729,0.892780098607484,-0.677894149689094,0.383854832197507,1.0126642767193,-2.58498918516833,1.04139016487594,0.787671837479582,2.31094897405065,-4.37962573366188,1.25362929583323,4.15392292327321,3.29638062362657,-0.288127921174489,3.32648133973233,-0.856386955673154,-2.94196512972482,2.56071413225644,-0.881652854495341,-2.05442053745913,-2.03680878780171,-1.64636935455034,-1.60737242219071,-7.39056871438471,-5.84758204058505,-1.56632454541324
-1.1641911688917,5.07161545834276,-4.05413373117367,-1.63553906290327,1.15565410485464,6.22801331365633,2.24459351606654,3.93507415680257,2.18380318089544,-1.82599878665172,1.62888649013927,-1.60538492014128,2.35126261299125,-1.36819064930342,6.0232792993848,1.78506257848059,4.32585360382546,0.17598635784091,0.485796087805949,3.12441011295051,-2.61063614057041,4.89142080688044,-5.37008129234737,-4.3846146219213,-2.49210924003954,-3.99053639349381,1.96453033959258,3.50867332049659,3.93415754281325,2.66953661359898,-3.04066837151895,-3.18386072849937,-2.56674292284228,6.64538457526297,2.83262222465788,-1.68606341758953,-2.63348629365192,0.612376412172799,-0.630398735172551,1.53957166915258,-0.581983861469497,-4.19607129256393,-1.48407570778194,-0.974655762288606,-0.976474057184003,-8.50675337988022,0.545878415646067,-4.06080007329931,-2.66371272180367,0.93345116360531,-0.280987565612514,6.36011028114253,3.55868861194978,1.7180271376294,-2.05146527105287,-4.21870940685949,-4.14034794846616,0.722123200651786,1.71640885168493,-3.90441471503626
-2.42185037509388,-0.265804022320234,-6.88075125708918,0.747177511029018,0.454978131208234,11.2949600728724,0.412699038248047,-1.94359589751395,2.15233012946707,-4.19156028484921,5.87204952389915,2.45200778338798,3.41373392323567,6.91996556862976,5.10633198536988,8.17482718044855,2.97490678678336,3.12297205348496,-1.40636822983769,7.29843325030549,1.59596637979464,1.63876127101483,3.34934189548091,2.30208589880742,-0.711850657208737,-2.64499809353996,0.998402598383901,-0.18541423187566,-0.65631184527649,3.14444417447794,-0.36131394451293,-1.59036535302689,0.104459339254838,7.27962765782705,-1.25298810541719,1.64174563823756,2.58216048028635,-0.33362588275204,3.84040330558784,1.02968416171231,0.24936269806958,0.444873811488657,-6.78582382875684,1.95669748916308,3.33907043032932,-7.194347434852,2.07503997929689,-5.47300217401856,-3.50643196473946,5.12056501206523,3.49206128056791,4.10142252268354,4.96504376970046,-1.03336649082828,-1.98499389750115,-3.47406119876736,0.0400912895659185,-3.85857203656501,2.20961689958555,-1.24843977157883
-5.75700056085426,-1.23071816431827,-8.24177426650506,1.45353492510095,-1.32937460946349,12.0741929900278,-3.48155306265768,2.59987693132635,-0.818504527693132,-0.446211186695883,2.43357571341671,3.03619181225679,-0.464051917398941,5.88371854513617,2.90129739471913,9.59957271805542,-0.381448571504971,2.48641772203204,-2.25183284436885,1.30409291372579,-1.23524573109223,0.544826686077422,5.65181973255291,4.69016414335628,-2.4656881449434,-0.1602191505974,0.269333342654522,-4.57023818846681,-2.74246168965935,1.6565331426499,-0.902034038038344,-1.4249409414701,-1.26851431359161,5.49185857959921,-1.34814582811931,1.39982594431357,0.216704920404103,-3.10884632737757,3.22882553856338,3.51613517024388,-2.61431704754487,5.54788313283032,-10.0710913666433,4.33364145752752,1.15685720664042,-6.89046110928042,0.719952225560616,0.216602330878003,-0.923565986740581,5.32753910338098,2.89056110649734,-0.319663105776513,4.171489517,-1.34960069684835,0.201807955874346,-0.769228496258463,-0.232792460520983,3.3707722741731,7.45902216425401,4.93979272380741
0.247667195104113,-3.30033329152302,-3.60725644466516,2.27729837257019,-2.41865897262612,2.60125662476027,0.121569751325385,-0.958671600563461,-4.12026545381846,-1.52965317792275,-0.864869063370749,0.0297577782567865,-2.12872928565849,0.226373011451177,-3.49366137434807,-1.78161172704236,-4.68670307816848,0.692240206808901,2.02368065321909,-3.76505651549519,2.94802569921486,-2.00126479577835,2.45343543787298,3.68803528918572,-3.74011942391627,1.18454119866579,1.62291958751584,-2.91276533849181,-4.46402602577794,-2.97973939697816,1.44375791213172,3.15704894916369,-0.454248028202381,-0.733639278196969,-0.142259029188309,2.07022592611009,0.486225017810847,-2.26615726115302,0.335860677941919,1.44694222911752,0.221615481679112,3.85891892830683,-0.218410589467793,-2.35969159341747,2.1988095798561,2.1078583487389,1.48129882492153,3.97600816584191,3.62744204565132,-2.45017375622044,2.15123232952117,-2.20461099719661,0.880249865099846,-0.503989128206852,1.11474460237626,-1.18429711235614,0.517429899105225,2.3890502292625,-1.73587803717939,3.26288634047024
-3.61271922253564,-1.41259710194183,-2.75350387714243,-3.30583641060094,-4.28565949597428,3.70450362399497,0.442298221397193,0.324600235508786,-5.29452104218536,-2.40518081061253,1.26482139874203,-2.76433277397176,-2.44212263634177,-1.05999367950265,-4.73360577249918,-3.61540078057273,-1.17684613326861,0.696848168977985,4.53154629472253,-4.8064543740594,2.76823647729828,3.63532008169372,-0.592080858026111,2.76253995144151,-5.98364735813066,1.72939558451166,2.04430141122159,-3.53072366975709,-5.07454155957597,-3.46485581779598,1.39076982965455,4.55592362434927,-3.92269912222765,-0.96049100975854,4.07173509950065,0.421864831197908,-4.23498954986632,-1.8421611707761,0.29726547223485,0.796946163131324,-1.70518590851493,1.21841638333042,-2.32775689202415,-3.56023629155122,2.06814711093812,1.31787991612191,2.7030479528185,2.02748252230461,7.04910942530728,-4.54379823512755,-5.48828934631005,-3.35169347768789,1.2287803445621,1.34188176060481,-1.14079240538452,-0.8477599220624,-2.18537265290017,0.77467833813429,-4.69367655372205,3.42797228102538
-5.78910986063237,-1.53935980007045,1.97843908705065,0.229758408776697,-3.73625231342107,2.95023824860807,-1.96684956346269,3.2746641388903,0.60860187284126,-2.65426204443014,1.35944127420178,1.00171230148088,-0.746221004534204,-0.958287501360296,-0.551168244308593,2.7187264032255,-1.46108790374513,-0.366475909380949,-2.97056737889008,-1.44581522755488,4.0323163267223,2.73531889332052,-1.71213553440255,3.39068662427016,-0.439397437118856,-1.8855771190465,0.799077761903491,-2.95649691889949,-1.13573259992658,3.52893904736319,-1.08353421075823,-1.12077069239045,-3.559177623899,-0.690478809791834,0.0984740233027085,-1.00404505401924,0.81090249153496,-4.27493048463556,1.77233059533072,1.17516072308289,1.06761074421245,1.57159004798662,-2.14088646615593,1.54140667360296,-0.751586276995057,-1.72958134119086,2.36811188775744,-0.699172282176265,2.52358733242716,3.37098813962824,-0.120090295637459,-2.62256170187834,-0.161624568065485,0.287676938081986,0.974624717556444,1.15287535851988,-0.123410019021262,-0.579169290166085,0.625329012553512,1.8522279177761
2.02168719469175,6.92046104964131,-6.48120483845797,-4.51798679067591,1.38789350994835,4.13631620545302,4.28801356437247,-1.11352681720368,-1.52507010119193,-1.61682470916718,0.151151840440252,-0.116946621948786,-1.84777237900279,2.8152640002608,-0.496929908774648,0.626660832984698,1.91013496348879,2.87231480398072,-2.20431266836706,3.74536963467175,-1.47932994822155,3.79860451806288,2.64342967355757,-3.17645935859031,-1.01561467428315,1.04298244236447,1.9764023337072,1.96219890960898,4.16593706414101,0.424953485077435,-2.42679698644195,-2.77842865020956,-5.97775537511469,8.08238558394297,0.672391581591453,-3.11521795322693,-1.00327057166951,2.08489795658665,0.997205761035009,0.693627728647626,-3.04259896052701,-5.04259730651032,-7.23119695953893,-3.24550694424911,3.0833449655149,-3.13411100646552,-1.5750918008516,-0.488553767919736,-3.00392423238282,-3.70747491736503,-3.7434836847887,0.460835350653974,3.96756538778954,2.1784489614482,-0.252854177917618,-2.22936490736988,-1.96273695273077,1.93372371744003,5.50732352214191,4.55334114527084
0.861992710146693,4.77398926948746,-2.87381188282355,0.314339975118256,2.09790440932064,6.06243677030205,2.73077109555793,3.01049754000091,5.40043179584141,-1.67643731051978,-3.18306046738445,-0.41961118726745,2.21090461788252,0.641832900273874,3.45818253118493,1.30990332066383,4.47153528902724,2.58132383873678,0.937543571503095,3.01520384359623,-0.225044402863352,3.12626959798745,-3.7997323235277,-2.15432603845607,-2.14140540771542,-4.5147551586928,1.85588941803533,7.2085713819354,4.94243503968042,0.672530038903401,-2.33973459413826,0.0406730721273464,-5.42911482711432,5.18306574878496,-1.61769228044202,-1.13461421061464,-0.996916517611893,-1.17875204373236,-2.97989853307719,0.769318077730343,1.66667250873549,-3.16331955924022,0.16309486671576,-2.52590769651989,-2.12200042831105,-7.67403201256189,-2.60685849555205,-2.04562969937295,-4.67202334771892,-1.76047299281314,-3.89396113935713,4.17326796491477,1.69993942018835,1.10568272322713,-0.025766850641861,-1.46282486843113,-0.910104581140022,-0.483989139864106,3.85182673186032,-4.52799025859885
-0.353400594818842,1.98542274459863,-0.426857178048614,0.784130032071742,1.57806866563663,3.46040186437756,0.236746253769491,2.38601297225397,2.88978821614573,-1.14173711140828,0.707795151508463,1.57355222158335,2.46249525944327,-1.20044073797051,4.25385243876661,3.38025856333566,0.0454169061725366,1.14019103907572,-0.222190630241719,2.55125719327204,0.406200335848864,0.4212468984075,-2.01397291930467,0.387883859976131,1.25360442374293,-0.560156925845375,-0.85843421627767,1.17673811163247,1.93863318331979,2.81777748647524,-0.646178827205779,-4.58554173830185,-1.67234758122366,1.0971968033529,-0.584708737149285,-0.531811793199756,-1.70371560537443,-2.38319415482111,0.67231616009048,1.55506884431311,2.35762336460204,-1.27342727863693,0.20697985815266,1.46479735311223,-0.905968805342286,-7.07359018222725,0.849991690485497,-2.71027714904618,-1.45583871104733,4.07987244388871,1.91478711538269,2.92324360882303,-0.903149822472241,-2.71264522336385,0.0838096476717969,-1.32720554290143,-1.4223248066249,1.52077413945974,1.33001099266078,-2.68250641629836
-4.82390245442392,-1.16393241868408,6.46512944953467,-1.96298257512248,-1.73817687087034,-1.73082070981135,-2.28690447688173,2.08983979211932,3.16144744177202,-1.5485073579313,-1.38538726409015,0.567402897679111,1.52565012917338,0.264187864964464,-1.16919251297773,1.08868029548808,2.37134282871777,-1.64566379590831,-5.17539761356987,1.15288285627234,2.76693706706286,3.08655107790916,-4.20833050840395,1.28008851251812,1.53418432134282,-2.59948957043507,0.751133327549891,3.3836614816232,0.845832392725003,2.48026611973873,-0.409721532550761,0.618413015557494,-2.78511662833574,-1.02019070835281,-1.97959260521777,-1.6771618149758,1.73759603316701,-1.4614324881101,-0.473180120517481,-2.46232599043245,2.03974681012925,-2.27554267960799,-0.830079868738238,1.32734916197561,-2.86833402191948,2.07606873734465,0.40760690988496,-1.05575851493587,-1.51962865002574,1.33384246868375,-3.54904340283551,-1.52941328911852,-1.26615507602439,2.1404400875235,1.37625016814807,3.75962738091356,0.820645394814017,-5.07578795016887,-1.31516862054947,-0.522420279828947
1.45846893285246,-0.499208345207606,-0.291916125044612,-0.399738531155947,-4.76392872989102,-0.212413085908732,1.7814592999789,0.0837875726878949,-5.63859029781699,-1.24568785188142,-3.97986314629016,-1.55567002140485,-2.94196240895707,0.997650957751405,-4.1284919847793,-4.85648351282147,0.351595612192525,1.06026230534647,-1.72974649783115,-4.55595454035738,5.13285772333144,-0.255581376257223,-2.48601663743306,1.61224474159076,-4.46366056809426,-2.25173180952377,6.83014045941939,5.88405789342218,-0.105998543843601,-1.53924917644843,-2.54850900815477,7.43176407711336,-5.36809613753989,-1.04697340259715,0.942414331756962,-0.696762502080874,-0.728859096532974,1.58209123725438,-1.54489310913072,2.3377129763231,-0.566119929763787,-3.54779036610761,1.67180904442957,-4.25462335663863,0.659417709146009,-0.0370977325112449,0.173225293060933,3.13946191416142,3.00713569312092,-7.99755606080954,-0.161329733435879,-3.04357874487364,5.15642660832534,3.8402869553809,3.06969124666629,-0.247299514904799,-0.498337172567215,1.3221024154098,-1.99226614467966,2.3920916459426
1.32919879184557,-3.23704824114484,6.04001054461843,1.12678233261589,-4.27163601031527,-6.17184488340958,-0.728685286301172,-2.12960060676546,-0.99682355272568,0.0582004215432074,-3.742544763703,-0.741593178922719,0.924491209583401,-0.0966325895156481,-2.31938503782668,-5.42805010822118,-1.89624388333919,-0.0492998317161059,-0.440672429712909,-3.01797901952945,5.48084558937877,-2.9477310938608,-4.12814110637993,2.08043582700105,-0.221172320656415,-2.85268425787862,3.32538958391096,3.98036919508579,-1.55200598761986,-1.99543838236132,0.444485929924263,7.38883182985138,-0.0076030470921441,-4.9707316566461,0.254754621509528,1.68375756734144,2.36446600299428,1.14720036235999,-1.01802606813656,-1.13735409319471,2.93152721588348,-0.175308772685701,5.81736320171801,-2.39773602124429,-0.95545517114612,5.50266494656723,0.937606134281532,1.76538816570179,0.819274249302902,-3.74648046284202,0.187735450241802,-1.68684518758825,1.10873814095646,1.28589656189673,2.37166531867762,2.79686173719982,2.26525893439508,-4.19786654153072,-6.86967136906592,-3.21766519951358
12.0485893316348,-1.33225051262012,1.14327520409375,4.59347498681158,1.00196138963429,-6.95527632730327,5.52694638778467,-8.34531244858106,-1.98225352694068,-2.8721827403992,-1.67563999806136,-0.0470418855759184,-2.73777384732156,-1.5644817919408,-2.92482748544917,-6.03521651424555,-2.92254022244662,1.50862145173421,-3.75631883880343,2.3795648699806,4.93243743730946,-5.76249267308733,2.15946361903686,1.5139101742409,1.63294028264704,-0.643879394146171,1.9592714162802,3.10854200603735,1.14545591183546,-0.273498552126619,0.312211891558931,3.25649226006838,2.96256135448668,-1.89981079165981,-3.50743236861581,-1.0540154423361,9.07460701590334,3.02571764397,2.90913543498865,-1.23604432968897,3.23113543884967,-2.15273378354498,5.44537811182135,-5.0527398048297,7.68231598723955,5.75783822561416,0.50428443871432,2.52692017382088,-2.84728609824103,-3.8631601068369,5.0943586160785,0.267626215925134,0.958916495585703,-2.72696651393035,1.72138224924771,-4.54516267320311,6.44745923112971,-2.32476168369014,-1.53442095982119,0.306953920214206
1.82958019167634,-2.91356555055258,1.46962933903108,0.629789531639158,-0.652292563743334,-0.466100629854487,1.1946930317725,-4.03997320157811,1.28140571807482,-0.711735533345249,-3.15638822648065,-1.54672734938537,2.03275734080521,2.17742018221022,-0.13947897711642,-0.267366493094656,2.55055947054318,0.765417972446206,-0.984893520927833,2.83443338113905,3.5417546926599,-2.11459970653281,-1.51439891023476,0.265880870064709,-0.31424487981178,-4.51445012199348,2.04984268853614,6.51251015097924,-0.477548498218471,-0.684411553232671,-0.41656464324184,7.85444772628757,0.736935430971605,-0.479099153100707,-3.2224099027367,0.888861553858405,3.1264238271005,3.54374704511586,-1.06287327104506,-1.34802925281288,1.51681886367602,-1.45773115630065,0.643790929775589,-2.50685539024474,-0.148943504231494,4.81442500780792,-1.27163385965658,-1.12420560614958,-2.96142818327317,-4.60606331251553,-1.42212578976664,0.616007700754933,3.00296498185291,0.280401448968588,2.45087521531085,0.251218896739614,2.47647484640742,-7.17168704683919,-2.71605156456459,-2.10087434902986
2.9587997521022,-2.15010520237373,5.65621527905142,0.15655457922652,2.79543145376978,-1.45228251161317,3.45394766627687,-0.545082178630113,7.66254892896366,-5.15169873038951,-2.28136542529238,-0.541730498237478,1.55241170813705,-0.748649677822512,-2.05087924852994,-4.20682537668702,1.75244852272229,1.12194973982573,0.382109837212591,4.64761849576618,4.39124803082519,0.790600318396443,-4.45302212944025,2.3113407580294,1.29179219612357,-4.60740062554753,-1.13572197585194,5.37380623914527,2.23279506454141,1.35632987509915,1.0012906493465,2.49435031526192,-0.508404206941552,-1.52830581919848,-3.39200889755684,0.505302703752242,4.63277722752758,-3.10539201389095,-2.77556764678976,-4.50411807713223,6.29356337842414,-1.00156253542945,7.03148229013938,-3.46069577155653,-1.8457423137332,1.58765452604924,0.310544361592655,-2.91467438613201,-1.87518336858629,0.436733406980502,-2.9271831339017,3.18929478275499,-1.55927080951209,-2.16800169028514,0.480041927557654,0.074659462987536,3.81848876658262,-7.55216681034723,-1.36909344391868,-3.21168584325465
5.78809451979904,-0.470524683316568,0.237163404105707,1.88836972833115,4.1531214892774,-6.16331570801224,1.73963283074623,-0.440188567432496,2.5805438950153,1.64244905518475,-5.17606694497594,-1.48773550198234,-2.56734620133062,-4.01224466794665,-3.83452511960919,-5.68354216819657,-1.48012682906013,1.38565868364706,1.19281181857714,0.317325544038201,-1.23511353696058,-3.47876578183944,0.906568558799799,0.561289811595045,0.64231709892798,1.0982557292018,-3.31240177751707,1.79024141239647,1.74372620294629,-2.74001113253308,2.37021793892898,-0.396902505058222,0.376079531952907,-3.78907909147346,-1.60159297640341,-0.278219177921512,3.39982278215226,0.592265478992566,-3.35746747852048,-1.77460631714624,1.74060555597378,2.966575585272,4.41074839207847,-2.70402212486497,-0.105525376261169,6.30874407044608,-2.12666592816225,3.31783396882284,-0.855817992274564,-2.54539022724276,-2.04086609306277,-1.37796942034899,-3.96619608766283,-1.65398532598384,1.81244488795757,0.592358637297486,2.57574129098013,2.32075394672728,3.55068465735486,1.4585152002477
0.950500865069562,-0.261514094425265,4.81992192515264,2.44404627644833,-0.984885721389982,-5.51613035310744,-0.311912357626979,6.78753933712772,2.33691095405577,0.477229688816857,-4.82619451930341,-1.90288877804215,-3.33916558242074,-7.86156392552953,-3.03364931090566,-2.80711770645127,-1.39785310045263,-1.94257078696976,-3.16889647607091,-3.2587049865169,-0.147045074862931,0.864309269930787,-6.59851018089158,-0.169789664738295,-1.55820005133905,-2.22387313945865,-0.306578669732567,0.838641607868267,3.3015511270697,2.64684627094019,-1.80922126084259,-1.4184027411442,-3.01422686250214,-4.69073856095662,1.57470074846078,-2.89808986527637,1.11015424031413,-3.35761393885989,-0.989416544158356,0.880434566195072,2.9645797439752,1.28595366891049,6.13241984299041,-1.25907660517658,-3.49485469467963,2.27252447083336,-0.186553747984937,4.78120505235194,0.315860937327093,-0.384949713543466,-1.69242203766831,-1.89500130489873,-4.31164423740143,1.77711859303513,2.29508428910101,1.66163891330288,-0.375292385239004,1.35191963679268,1.74016537974332,0.284835272246933
-5.25554520770043,-5.25314946817428,5.69020798213655,4.9151786299048,-6.00864354025793,-1.96568805744919,-3.56057678134532,7.57592372399012,-0.732765806033667,1.21060228544903,-3.36975906689078,-3.04376894737333,-3.72552266232925,-2.02433448745637,0.335353348102879,3.71240270062145,0.499404357615652,-1.8832987047156,-5.53029086728999,-3.77788705111293,2.99936603398201,1.0751445077342,-6.5716697335579,3.69513783415496,-5.45171953126422,-5.55802445033795,2.77116607252243,0.684074552115636,-1.65458107376491,3.08830714649127,-1.9262522908905,5.71961805001976,-1.34533119298236,-3.72176628999056,-1.14545003766666,-0.978747262876487,3.39652254395676,-1.93350757308647,2.28212670883445,0.691610173644951,3.83132777717645,2.46450607348654,0.74483347806626,0.238478516986592,-4.2944157375139,4.26320054290282,0.50499028563876,4.36735334647521,-0.388120800745107,0.539047066525013,0.489119706441063,-3.85165273181097,1.44550276471736,4.81515672057728,5.54731156591689,2.43018648006069,1.96760184981356,-5.29037977949813,0.34124498501024,-0.0535558116092537
-9.93490307330982,-4.71856982361332,1.58105309613831,-2.26988132025097,-2.30354778186822,4.90725094586883,-6.39299291488575,-1.07757854775385,-2.06373165617433,1.95464990984202,9.35147516579451,2.55535609341135,5.94187363396161,5.34397533570858,6.49890070721656,8.90961322425032,1.53660942790687,-1.30499753912027,0.290482180174716,2.47176827488955,1.05139476556258,0.00969422182353075,2.23458449055189,1.56452491769228,1.23437154151797,-0.0367406962381558,-2.05421466774014,-5.688480245356,-5.29244229430778,2.30945280666704,1.14874712761197,0.234692854022552,5.57019661807037,0.964653800406703,2.66191766863115,4.227340276609,-1.36487303466538,0.480875481967462,4.66051234124416,0.419405696640287,-1.62581801370523,2.72769905338561,-5.77065802646831,7.89459462031447,-0.998104617551351,-2.94848326435962,2.46800074493559,-5.66364927612906,0.345165049040479,7.52956549673485,4.49186383035148,2.12339877530715,1.81751820010156,-0.460778480961967,-0.786953491170128,0.295891186922887,-1.14580375689512,-3.45726632420403,-4.80008626639783,-3.23167753359442
-7.8552341239685,-4.30332589418732,-3.61203841735726,1.36318316608542,-1.61268888830347,4.28960999642634,-7.32053742216535,1.94554450594707,-2.23721434058592,5.03387685363419,2.88371064164897,2.14508251561003,0.0589494363975753,3.48091145825328,3.65163462569459,8.50085172161742,-1.62969441382712,-1.83471976503357,-1.69768254288728,-1.45720437505535,-2.66219968023852,-2.32941113530344,5.9671856886225,3.04033779527473,-0.0384283067931327,3.01612787677868,-2.55690037158114,-9.12938565112325,-5.51387631605017,1.22026369027979,2.42654125582236,-1.76740109662228,4.37999166969383,-0.281913095201558,-0.87338085364824,2.63699001345691,-0.635402500281062,-3.82904725314796,4.49305396399898,2.23569453476236,-2.75301053988425,8.92609728651903,-7.78450067366899,7.04529109918378,-1.96817003695039,-1.18653420985038,2.01966560909029,2.34799113076043,1.12656926099801,7.16407748543941,4.74774417479136,-3.77695327821527,-0.342484068042723,-1.84691332685555,1.47396466183211,1.85216473123814,-0.544539879538001,3.52591223815122,3.45203248780557,4.30902911968471
-8.56174243376282,-4.64261546367138,2.85041611147254,-2.00489319979551,-2.52111544475028,-1.47132740046687,-7.91692476171602,-0.650072200841234,-4.4733467567205,2.91857391388389,5.10128312295049,1.92094497042265,1.26429434230125,2.8804027699892,0.451433118676902,7.10430156210021,-0.428061606391014,-2.71543676205645,-1.6374980917298,-2.4989911070391,-0.966069751011142,-0.00858064130110514,5.68010764334301,1.47635898284514,3.35238272238541,4.55711389424207,-2.16636599301378,-7.81657521329297,-3.61812084315802,0.843661432138169,3.47345215326476,-1.98179073128231,4.73961234411877,-2.30070036484288,1.14901359819827,4.03229566028818,0.997291965816547,1.04691175787905,4.20991059001202,0.370870485261632,-3.40957454733261,3.31184615167787,-7.13404929066414,7.95259417975085,-0.293025199741701,1.9795212817427,2.34786422042656,-0.10593021047591,2.57442487559227,6.01691934119412,1.55058510279743,-2.88419914657036,-1.41983041815256,-0.508355392043341,-1.82397431865842,5.42442649432553,-0.186664454294667,0.114517615568866,-1.31583291091981,2.95659350809335
2.27241255356726,-3.41005900665551,3.10448000594014,0.441581272920336,0.498936120686108,-4.57589213060535,-0.600831332935699,-2.10028883247263,0.613377650330394,2.87089600444813,-2.82408116386988,-1.25807570830178,-0.826646869192749,0.565007445466825,-3.15566732314764,-1.54436882408464,-1.47739492359496,-0.189888348860171,-0.329314965717707,-1.53524910323143,1.34141187336151,-3.53093639448774,1.98926503690832,1.45320795869557,2.42102648181067,0.735398884710851,-1.59643882743333,0.238915292942548,-0.759850164755065,-1.63318723933263,3.85119532341898,2.329812474466,2.37079577226488,-2.80317753847547,-2.35666350540998,2.21931207063711,3.98969213640489,2.42124588698874,-1.4250199007673,-2.68173184699377,-0.0668971265940811,1.57890015437136,2.20686643857062,0.771928557152322,0.773876453119185,6.69944348932308,-1.12917996522989,2.84410945960249,0.736113369990003,-1.05805076601511,-0.337669169004769,-2.60662235024414,-3.00893234060543,-1.40798978674091,0.517774517730528,3.26377134565614,3.18508427908474,-0.784474601843012,-0.887171335351917,2.7255556465985
-2.07932377404664,-3.11433121543361,3.13538149711252,-1.66272323925738,-0.858940439773429,-1.17267020812476,-2.11875134908045,-1.70166393830581,1.8323407584093,-0.28122770504438,-1.09364533762262,1.86626141660515,1.95417344083743,4.89265406972679,-1.50379039761251,2.91904554007761,-0.773865597347787,1.08409766277561,-2.82949000230745,0.520660428338512,2.844392456043,-0.629011068042662,4.02846927611594,3.34700747388369,4.88918785598571,1.40662371739718,0.32840818136987,-0.743000098697036,0.0532381302936119,-0.364019251725532,2.98544485768671,1.61685074276985,-0.0362536239314841,-1.15348099806721,-2.50481096121752,2.56666986091096,3.00896593108053,-0.252727722858618,-0.375291351224732,-2.95614299185897,-0.520617758646165,0.0359615211027893,-1.73040904572479,2.00401354814356,-2.10616940559344,3.98030065064137,-0.193943306012995,-0.0296841325519538,-0.275234245928371,1.29180001474913,-0.55269617845707,-2.88498991807607,-0.0512782254941078,0.448650513612645,-0.25611136651974,3.94437013134804,4.54994285093071,-0.329054784196083,0.152194994193886,3.6429278259872
-1.42036882894503,2.25659580185168,-2.31413409865143,-2.49632973878697,-0.115597284070375,2.61114903031495,-1.52980408796939,0.944081245344691,-1.46565786939455,-0.0157846826953115,0.682048626620214,4.17557273034107,2.13797333974823,2.4714303662251,0.442477058608346,2.31088062304511,-1.7293520384741,2.43264380042289,1.30936036986499,-0.38878505385948,0.592057533182075,0.370619154963554,3.72657101243552,0.249457442797534,2.04140940620906,2.72581001268423,1.08794229584659,0.130851495698056,2.19170530436447,0.20372425821334,-0.571990029858595,-2.66685677010505,-1.68904129018614,1.72074926826495,0.84385125764957,0.287038636035205,-2.00471709929664,0.693905242696873,-0.753356979000946,2.35484291868198,-2.72614590197011,-2.51752009468372,-1.93731407887897,3.28401929678887,-0.57718124438926,-3.96900717799898,-0.309456163732502,-0.0128370460287826,2.74332669391384,0.469150444871128,2.36657085795098,-0.164189318453688,1.40894859080118,-0.135171524461513,-1.75300381105295,-0.0579990618835563,0.00955400534857997,6.86026444429952,2.18969508554754,1.44379961983015
-2.92141658539081,-1.15846952975374,-5.99990013266182,-4.26431125471131,-1.4808704951238,5.25479602663645,0.666788231909532,-3.44017651939295,-2.60345380756758,-5.86194900011672,5.23491761364714,5.92667752513828,-2.55427168344688,8.51872519856433,-4.48746115329958,5.60239158427339,-4.6402701066604,4.21523664684956,-6.22123304754404,2.59115679416993,5.03440360315384,1.38717512123981,11.3817407287571,6.50778333425467,3.03685692617737,6.11764303850697,0.27327818447815,-7.06172030860929,-0.568943049789471,1.7821635877766,0.895964239610773,-4.25714603823657,-4.59323241519432,3.67377988755522,-1.72162467254928,-0.339751185407474,4.42817310176376,-4.63979711160566,6.43215999539577,2.10738978872835,-3.7552148569665,-0.576650706605535,-9.80825741623726,3.74429639009348,6.06640760402451,-1.25158396997491,2.14037041439942,-0.259395058223466,0.528363280432818,4.55771341304605,2.35516287491147,-6.30005350460284,3.4437543477162,0.21064559151756,-1.28320043290368,-0.79645895643313,4.41995006683952,6.058863150395,8.55423914687275,12.8905040313407
2.63667993817277,-0.607209880874576,-3.59477748216056,0.0756148084309165,-0.582470753070888,3.05178936040409,2.10985080717356,-4.40985403571208,-1.38097353063231,-3.11146536809953,-0.0767231083836021,2.43068541869552,-1.31372459493917,6.80179537494701,-2.37928377450534,-0.389724948558239,-1.61717037110389,3.73635179674059,-0.200157069132225,1.73578698807385,4.20534024480398,-0.987185502221313,4.26126897666915,3.48317115643692,0.411986194125669,0.643042365093491,1.63593862897009,2.05512746986648,-2.20222665474284,-1.73769422364776,1.30424077616245,3.46354195352812,-1.98039564035818,1.97027325715651,-2.35026223159494,1.67668677279944,2.26342889250557,0.0729890907628149,0.768730399813562,1.56629712497871,-1.37081665325615,-0.433643678833928,-0.720091106458316,-0.185751029182039,3.73870092516772,1.36613066859797,0.0476020994326444,0.884404061388705,-0.771426831063377,-1.86589751140687,2.66305784756702,-1.65306895687335,3.83073024977987,0.733725364517551,-0.257358153386118,-0.762365380683376,2.69397150292528,1.7212431972717,1.89985487060042,4.64713323783381
-1.6439111556679,-4.45547773976544,-0.1034454608784,-0.681264788833957,-1.71966433802603,6.39167037302952,4.63818778792291,-1.13049920974658,1.7845677561921,-8.49486442669189,6.37472801074667,-1.80431009706789,-0.979634720391787,1.58774635311664,-7.69292635928687,-3.62513338348996,-4.0375544980198,1.84066124053298,0.840080621845376,3.40845706007814,6.16092395709995,5.5121026991973,0.553015119740714,7.40872620900019,-1.31674193115574,-0.0912476379891316,0.0824365507222519,-6.80408086688164,-3.65357435271285,-0.397267142150852,1.88093108011344,0.661833508305245,-1.48810974438867,-0.542460638491294,1.44563853378152,0.389030385858305,2.58881452239159,-8.23720892111475,2.8877592304272,-2.7641610897208,3.12792042721676,2.18553227141839,0.973996386324435,-4.50810606473829,5.04626823414787,0.897081719365858,4.93604650510336,-0.653761012161807,5.01567234594246,2.4956494100229,-3.39243335112037,-1.94693517312769,0.526112608261668,-1.68279709256492,-2.77088958808662,-1.85560765431781,1.71220051098152,-6.87167566731548,-2.88476324382453,4.42016347688685
-2.23652726080877,6.09393793141719,-0.538712775798857,-5.22823694394564,-2.8304143905353,-0.164583502485438,0.231590191601615,4.34408658690029,-5.1178549052437,0.42358473939834,-1.77327801551347,1.2445626082675,-2.59915535414842,-0.2448925475621,2.36801928512771,4.13819243285731,3.81744771283777,0.546312746497581,-5.98196844779932,-1.09782819201344,0.0245975360463988,4.36180434267791,-1.28467215804008,-5.63191630351522,0.705651666081713,0.0907457191540599,5.59633225809907,3.45948738084805,4.44207781146528,4.06242152639637,-6.67851078218637,-2.31215798260159,-4.99967365295818,4.22724960571791,2.82444107561533,-6.11922436147004,-3.2975812915357,5.14615913170154,2.80632263704378,3.4553021043732,-4.1195517979488,-11.4343091339016,-7.42518149645208,0.835235328592645,0.952004308386837,-4.1863562529371,-1.68352996974218,0.363035403321139,-2.90647143933507,-3.27305214286654,0.233359308958918,-0.606905950598825,7.00264759481509,5.61573817032066,0.448587316710132,-1.13593741891767,-3.55073223905175,3.92346615574865,2.03001028776688,1.86382636889363
-8.26627943828823,-2.32429049339234,6.07979265398138,-2.22660415663497,-2.7951573683801,-1.30600127497167,-4.71309877422254,8.65136364752838,-0.712014570688084,1.33526140902379,0.846633731791953,-0.181462458399937,-2.28059656342453,-3.89595332627927,-0.335970436482364,6.26765881168757,-0.22464547269601,-2.95837468524968,-6.3918079671936,-2.56922074492674,-2.53708915743783,6.48773155971923,-3.44079109216895,-0.802420572063318,-1.32389955576052,-0.46766775464928,-0.451106894001618,-4.81573323027083,0.134714991854515,5.52406419674407,-2.69701474960815,-2.55001816257791,-2.3418512960115,-2.00106725818153,1.40017778678757,-4.12660247990779,-0.201649432493452,-4.80761463717407,2.91559335510812,0.268393896235719,0.369656188270854,-1.10826195696487,-5.85688494078123,3.75220206759625,-4.98398935445495,0.682007547148416,2.45239141035596,1.61791130936165,0.179679666514616,5.34100731586601,-1.56266655629366,-3.0327676489397,-1.34673575419475,4.21433849315078,1.65909254531662,4.18637667577112,-2.6841360395178,-2.8287757218127,2.69267656548048,3.82807963847025
-6.56603972744937,-1.38502809181846,3.6526673419517,-0.289422232007764,-2.65839165252333,0.558030463385748,-0.469109360320442,6.27749353027885,-2.30873113004785,-3.24973031106963,7.7856458192796,-2.63813931324028,-2.91266003543011,-9.88400240979349,-1.88389754745956,0.154735424748658,-2.98680953755024,-4.05921967050391,0.119024641744294,-2.8380589430264,-1.65434077117958,8.65979747512885,-5.01847190540604,-0.940930298151007,-4.26183632501803,0.216686161354574,-0.53869243658879,-10.4359665356705,-1.27878644668919,3.23408408584239,-4.09018645616614,-7.43825547363128,0.509428490797907,-0.521972350518761,6.68395865307739,-3.51005670617726,-2.72263146392665,-7.69675095822331,5.1307870173373,1.21538908482718,1.50809242219048,0.506106721829919,-1.24796581438636,-0.168404058566564,0.154545850070469,-5.2627049798271,6.58211894352044,-0.00449230331816247,6.31886095217634,6.35017918507052,-1.85388106161115,-1.8446387593427,-3.06609617693426,1.39296438421439,-3.0017509553,-1.61216791815541,-6.30116257093952,-0.929771250645794,-3.0340464362042,0.349302952365476
-4.80658681861622,-2.04678528243014,-3.31930650751433,-1.39051779784139,-2.25026365356191,4.54014614610518,-2.55261904951259,0.746660605695965,-4.41339731834864,0.121722936720163,4.63255666350739,2.36720866694746,-1.22116438422959,0.540606196859277,-2.42460967022061,1.3269301016038,-4.88098311175342,1.40220114539073,1.77877441312303,-3.93381276726998,0.222198390829118,1.54694493484915,5.53798626426814,2.72219563572086,-1.45774721687276,4.089075673049,-1.13429477522074,-7.80767107229964,-3.94876501511635,-2.36011170760335,-0.0279007699160019,-3.08025539078539,0.639539865212498,0.03015507282581,3.23365897046594,1.80563995065079,-3.37618511054873,-3.35049189480853,1.25654840326876,3.73609725459007,-2.11725011779111,4.6128603778248,-3.07079246701163,1.32644965358907,1.16688528957145,-2.86132144388725,1.6845116448276,0.737601742500436,5.67935712073428,2.54790368065385,1.69876819111344,-3.70315107739573,-0.22531239960214,-0.850006967779411,-2.42489179930066,0.0522350389678372,-1.85294418025575,6.74445336250041,0.0864377764010644,4.90256057954191
-3.65544609530503,0.293703222800647,3.30782194081443,-1.6357040965152,-0.525207735714654,-4.65046829688888,-4.49347847388904,2.58745833988071,0.265935736006901,0.364936268455601,0.422945330036118,3.85464948759664,-0.886734212157957,-0.234654851994867,-2.67219754037918,4.35154611497526,-2.78629707295471,-2.27204233995562,-5.67179032260461,0.245615778679503,-0.832572045728246,0.763798656773156,3.56693971660744,-0.333446194054415,6.15461509407798,3.71916419975767,-1.84068509106068,-2.97782539954726,1.84609027553234,2.54045861929287,-0.614984859282243,-5.79583748197274,-2.03344039795054,-0.599591347612127,-1.6253624249293,-2.06272872377227,2.01281028617522,-1.40647619756922,1.17749906240634,-0.930856824973787,-0.955171281788712,-1.59613085194965,-3.13362009684288,3.55701955192685,-2.73452763211583,2.59544636151323,-1.66087607191458,-0.364099947028473,-1.49869175524997,4.42091446081044,-1.55942395068781,-3.7567361505799,-3.10186110958511,1.63549111774579,0.141473103086425,4.98348617245038,0.793460055763976,3.91779980881049,4.43625152530573,5.31373261094861
-1.62077019479721,2.41420207919461,0.103033231253502,-0.6520587062963,-0.0800120291207665,0.719058559253789,-2.83102875203715,1.41111805815552,0.323860270196663,-0.919048645256935,1.32093972224718,6.91700219861914,0.954626145520143,2.34397208092897,2.12638441613666,5.23548671115487,-2.87558579767885,0.873792886892099,-3.31601219994384,0.582243635954389,0.490378472556437,-2.45454495401984,4.81236888431643,1.73213391974868,6.32635541362594,4.18596189474455,-1.39608510738927,-2.13986944289313,2.59913546185981,3.36085725181334,-0.731118108761017,-7.18782477275539,-1.30317864827836,1.46089614438143,-1.27316970989,-0.908707666867541,0.156733599248514,0.397189083219708,1.9104913970253,3.60450123761802,-1.27849763805088,-1.53910842264457,-1.87562871069884,4.19631530994022,0.682945878277494,-4.21822380164468,-1.42387328727702,-0.723881575468984,-2.11340980951059,6.32154463293626,4.81901494943128,-1.04368008771009,-0.442584897877803,-1.39910596654186,-0.478329268993401,0.657723496331384,0.519826321187428,7.90086605998237,4.85905108698057,2.80378137831573
-1.38473877938814,-3.92145438769269,0.128175846632087,6.52184214624654,-2.75778206733889,4.44622523418119,-1.2155743765143,4.48251011712253,4.97479660957552,-0.245768735538926,-8.50781037384251,3.6634273725068,-0.332221421030196,1.62419047761852,-3.05610105465485,-1.36006496861018,-4.46066758862648,2.48036426770882,1.38518006468474,-5.21541799638878,5.22737318673716,-4.65736354538374,-1.58757712037721,9.21648339669919,-1.4108220873066,-1.32162645482351,0.830143310116774,1.98587499781325,-2.09837213232987,-2.94243266159446,2.68967967548569,4.1075428085514,-2.75564177929853,-7.55157725309789,-4.61706113809248,3.24343637759566,2.08302027781008,-6.7602132375077,-4.74106473635778,1.83445310884304,4.60467418145164,9.76318987103084,8.18554341803861,0.298091860298034,-6.50744414855097,0.907075021366415,-0.841620144486029,5.75956370366064,1.98077395134775,1.15671257930183,2.56676022383463,-4.3689545597308,-2.94012917432728,-1.7277882195068,3.02752399683373,2.99633383411274,4.43018339988656,5.08487819570051,4.19745400706618,3.19408554500003
-6.24241669161646,2.01073671958929,4.72506660195253,0.41376556994784,-3.58507629606164,-2.09524415928987,-1.95513978277783,9.95700482112096,0.739998434025932,0.622217532637378,-5.04923461299454,-1.20102626611235,-4.38571750074974,-2.91579636331733,-2.02562633474591,4.13071476085317,0.725531358888751,-3.84733309182742,-10.1610764004047,-2.88968338173523,-1.23252759113529,4.88421004662963,-5.27385363923107,-0.550266114828437,-0.690243755459209,-0.380175350210625,2.30481024383752,-1.18934081352274,2.78810111732122,5.215850065696,-3.41052897423984,-1.43322304952209,-5.25115846308941,-0.083113779082435,0.0736469114410019,-5.68332535842538,1.62478096425187,-3.54524650578157,2.22935400912599,0.39565132766733,0.832361744849218,-2.54339008363426,-5.29813320899398,0.97393670503409,-5.35129577756554,2.48550481109962,0.219621872793235,4.18714102979001,-1.72539774225946,0.398564810970304,-4.81443546489801,-4.99449622564135,0.146559815515055,5.80759132091864,3.23603588212736,4.89229567370305,-0.102864036199978,-0.842099022064828,5.85624297560526,5.53430489775151
5.97362091684356,5.67185964362588,-5.10379168164819,-0.44383074298434,-0.000333160219579021,1.05310483555994,6.11211470857513,0.0308317154230823,-1.03127871006282,-2.77969774124532,-5.83893052844971,1.56043408985537,-6.22669567868963,4.27459221494106,-3.2808437802676,1.53634845943743,0.085252501579873,2.36876856241252,-11.16482951749,3.90393022783717,1.26224812307429,0.269623568625275,3.49530112732513,0.906093352625855,-0.07392208709088,1.3797659119511,5.07811758288782,4.31855876679211,6.27431071347654,3.05911623454997,-2.9201689915965,0.753776344208305,-8.31032428484361,5.40448224604386,-4.34775329001944,-7.02800176914263,5.04041466766063,1.70557287968551,2.35092150244008,2.01488618412289,-1.07278182326294,-6.42726806363872,-7.64192440640073,-2.47354664576373,4.00822151309835,0.820852279048826,-2.90746350650267,4.54636074146504,-5.98612239360342,-6.04960741858132,-0.122696974199544,-4.42640600094712,5.5105964926545,4.45566714282845,2.5604768338439,-1.92122165813912,5.0406079480713,4.61735693105331,11.3434565441204,10.0768865093366
3.14972499940159,-0.920526216086131,-2.08231791435846,3.65884219207148,0.790492043804913,-1.37427939367781,1.27425833363413,0.267197774743783,-2.28041666722386,3.0083165931387,-2.07567064267016,-3.54793201378242,-4.03328651830674,0.570899134759484,0.782645301829922,2.2519086177719,1.04455871419357,-2.50706466945125,-4.7620666480274,1.8155702483297,-5.86565073427763,-0.286101655457842,1.00975706687633,-1.55752906410457,-4.67319265217855,-0.334459711673754,-0.588658862920836,-0.758880921470716,-0.946582612854508,-0.177143522275057,-0.601441507077617,4.78856963102528,2.33203450796888,0.702825929504169,-2.67963442440353,-1.64602539540845,4.01084186778811,3.4381820848535,3.39937890021149,-0.691746406295978,0.00226817966031373,1.41412292249909,-6.31724942775779,-0.625167356100628,2.80113110579474,5.89926598037901,-1.04175665324183,3.87230659969542,-4.77652566845083,-3.59257855132802,0.815053308961699,-1.10942745856565,1.60826278596038,1.38496280821909,1.9455937356475,-2.19931113143901,0.960919217116188,-4.55058363232692,2.03658956431324,1.9179050418996
2.08375680094561,0.207793719112212,-0.130426433717752,0.190161024844065,-0.883652478044807,-0.0782573895820943,3.55200997244288,1.45571674783452,1.9193207470524,-0.864968181064996,-7.08804608673524,-3.27270618851393,-3.04759630850919,-0.107866093842545,-3.92466588435774,-3.66720653961643,1.6534409708417,0.841681236019029,-1.24117409588759,-1.62370034794093,0.175846386705415,2.45422452083202,-5.47088567075093,-0.224760883840883,-4.95608355776145,-3.53360844242909,3.77532246091775,5.32675568851141,1.72562347990345,-1.62946130815421,-1.0154241561375,6.78615311180345,-5.44751658093791,-1.20271123621239,-1.20461011686365,-2.4666748222318,1.40432671419955,-2.03310986634156,-3.97894170223964,-0.321110701006485,2.80524158704485,-0.392325563324813,2.97795569209451,-6.34180693875245,-1.87541208550151,2.48815126912652,-1.91890947389362,3.98032613895915,-0.988241891918111,-6.93942091511018,-6.30868900627632,-1.59897435835409,0.827007367953345,3.45207969362025,2.24742583848665,0.347262453699956,0.857736380018371,-3.26560637520422,1.19622732412507,1.06380418166275
3.41031140497211,-5.72757091068662,6.68707616836175,3.96238178774956,-1.662637341476,-9.1300360414701,0.710914314846251,0.608597253068858,-0.186494727138068,0.27502485039035,-3.81717075214157,-3.87358007674136,-4.06013760741484,-7.06492309563835,-6.37144147772393,-9.09719462079144,-4.20032032327333,-2.15483397573812,1.33090874406644,-5.89517829558188,3.51146122884857,-0.73982902766861,-5.69090405946458,1.87149705632537,-2.52569213565735,-2.57638810752611,0.37797411181766,0.129812425492901,-2.44100847707751,-2.34558792948898,1.6466654255036,5.32528002740123,2.0674492715101,-7.31138442214435,-0.51688950829388,-0.803149265044742,3.14137325275241,-3.22651595839325,-2.02040006708715,-2.31481390091162,4.82580303784598,3.59701176989776,11.0611134891182,-5.69734686628352,-1.23859882988462,8.26733841570882,1.34212140876381,4.18140470531777,3.9498469855691,-3.59413087296524,-2.29728506193236,-3.33990550194971,-4.98396526270845,-0.17489522910896,0.770850725024141,2.09767610126677,1.89000827789776,-4.31446329713117,-5.34564778579213,-1.896677926573
-2.26972522224327,-2.95153745122458,2.87693479918575,1.84510124290988,1.09211476366489,3.0274528893131,-1.1477329448891,-0.225053336362908,4.46705326832633,-2.67619302770415,5.16182687114436,0.815191272932757,2.83644038826854,-0.511901222464726,2.92401765989536,1.6905997458972,1.58580393294342,-1.02168100708971,-0.204780585224583,4.05635390333155,0.45656532962197,2.93676677042197,-3.03453379918084,2.38780734822194,1.04165745675822,-3.87990909070858,-2.92698886986987,-2.44908456433896,-2.4280912824291,3.18774254527856,1.50899383777684,-1.45856677308541,3.83991547120251,-0.795970216260752,-1.23658586304302,2.41633739596885,1.83477627871113,-4.87702081921631,0.826628645705515,-2.91584797186328,3.98620605647426,3.03103052231877,0.763028851544213,0.522381104747233,-0.442608986744507,-1.84167351545333,3.1888099605678,-4.60769850798697,-0.581471389377201,6.36132788440371,0.0957786915780384,4.26647539585804,-2.64769885023238,-2.22981339522545,-1.53789597786133,0.0683021622459343,0.657526154282889,-6.61716183222741,-3.42116205816714,-4.71298241120583
3.65613149662999,1.49477260549422,1.59507758421329,-0.491828572899333,5.03051655739913,-4.30051377672463,0.383253640194459,-3.730294776758,-0.23061060380722,2.06121722963284,2.74019663196583,-2.4168228920161,3.06030356646913,-3.83067217012349,2.5181926133286,-5.84593148196468,2.11779328004188,-1.95801245337032,6.12996530621136,1.78701695660973,-5.4445545808728,-1.6479119783815,-0.733694661374703,-4.45569623784881,0.540459075110751,0.698555383393238,-3.15204480761757,-0.873161851530122,-1.21573039547704,-3.75465570599167,2.89050987434869,-1.25624548791647,9.00745984237678,-0.145337150645108,2.1626783533824,2.36228930670847,-4.08732046774182,4.07159995960026,-1.23234372289125,-1.78462371037818,0.33445250796773,0.75946039613775,4.11931785518054,-1.63440775285575,-0.0361268569269276,2.58759112771403,-0.0288403703854826,-2.48679638889545,0.859210253711542,-1.60284087969205,-1.76664658587775,5.21970563648951,-4.40100138308682,-3.13218370435198,-2.06684499845533,-1.81020134776525,-2.90438162524139,-3.28936343739925,-6.669856452431,-5.63297909745141
-2.07594635016242,-1.15324260040077,-2.67350765737051,-1.51829758475891,-0.852207205412352,0.371095794485439,-2.35075990953659,-0.852505431604659,-10.1175854359353,3.19794309904553,8.59678830196521,-0.815906286532803,-0.787035366924194,-2.20321350644728,3.15653021588673,0.241763126198804,-1.10330525144852,-2.44650927477766,2.70326269789323,-2.55524081284403,-5.23158611563217,-0.542308092972772,4.90354198419555,-2.01833571386375,-1.20545806576043,6.27280689662758,0.241694360882051,-9.3606042669789,-6.54245272345179,-2.10623762991489,0.134452877013286,-4.03284540409398,7.58532034405552,0.694137616299757,5.80806160652109,1.29670974461514,-5.11369488957698,3.99461773308578,5.15791190311691,3.53131293273586,-5.90094048962926,1.75842023520467,-6.37814684389708,2.48678689645252,5.18375222465103,-1.34271460815752,3.73056010236147,-0.204913180910281,5.25070484492587,0.409613520329847,4.2827969223338,-0.320135560764293,0.88017943624079,-1.09168003412805,-3.29806574315005,-3.58736033529228,-5.55637796839192,4.7313149571026,-6.02333740573472,0.742297166418421
-4.2710489582497,-2.13252792363497,2.65820979556825,0.603504157068905,-6.13075416989387,4.96949608417292,0.131143641673995,2.76317093559632,0.0821613479604667,-4.06309776397312,-0.247496110791496,1.14311072609355,2.69245289152819,1.09110405168171,2.33702088402596,1.31947665374802,0.226278906407236,1.11690756043856,-2.75046825845431,-1.3529739292939,9.06608024915833,2.52512506063186,-5.28906060542061,3.49212597630549,-1.73281282238542,-6.17790080110219,5.540781215151,4.43563736833345,-0.663578294885616,2.16621869578431,-4.03341924882482,4.94165923848601,-4.12947519490456,-0.831507785732399,-0.985392511923675,0.914594935003155,0.12982382379472,-1.30101738463944,-0.134270585861315,1.43815072254408,2.81270778466057,-2.45178452719513,3.0401114138364,-0.220744092743569,-2.24150255238064,-4.23342237390559,1.24841766515284,-0.153474725826558,0.996127552007733,-0.287713901157824,1.16479743391043,1.05973849504209,3.90602948241091,3.56191834541145,1.92505818986806,-0.599637395337108,0.358623736164656,-2.85150932527782,-4.75312350858315,-4.07426089507268
3.35672569192256,-1.261956441838,0.529915730956067,3.08290296693183,1.211395241521,-0.403461347301359,2.53680286983955,-0.905437379462767,7.0776033685451,0.837984496726105,-6.09905672197539,-3.56646473241646,0.880232721819965,0.757817659468759,-1.56403531913289,-4.09648245377587,1.68077252955365,-0.335590518538266,-0.808917395274343,2.95199634186567,1.33234929401738,-0.893222334471661,-4.83457559375563,2.15414514497577,-2.37665267205709,-5.76341672414121,0.250190885738604,5.46044230600906,0.700283737096159,-0.803345605020577,1.21576472749636,7.49854100753416,-0.990045826065877,-1.60653996519617,-3.9191352204975,0.651546446627611,4.25771531165545,-2.43279961658041,-2.57680713398935,-4.42108325539797,4.34463713626027,1.03761513183375,4.70562876926875,-4.1938471658385,-3.94634210827927,4.53576769003661,-2.42785770573441,2.15220008256847,-3.30419393832601,-3.39986183219745,-4.73130005538312,1.09756759638747,-0.61531873572163,0.34384565632508,2.49871710686712,1.19201049901957,3.91358500612127,-8.67177265785228,-0.421243125021096,-2.29567802227363
0.834027291905923,1.80305063738861,-6.0207948034894,-1.72695197180457,2.5807070264857,7.17942655419418,2.40653428589719,-2.94556614384328,4.53779694833712,-0.881441696400157,-1.56940754944387,-1.25914358195359,2.30631066919955,8.6271786437099,1.23150451283154,2.29722421402765,4.90894622089081,0.728614988594379,-1.21729516387327,6.33986703322549,-3.01416264745992,1.35916858047399,3.49195902691593,0.117820984291673,-0.110161746184663,-0.948839347788207,-0.58431872068598,2.33709867884577,0.804000408818392,0.0347677230259831,0.978388955854624,3.24042182136256,-1.61758516566088,5.29223139855656,-3.97333355358424,1.76872847968548,2.18585005378064,-0.106653564615303,-1.42132005995481,-3.56152319590255,-0.733996316734569,0.207851333048378,-6.26449690854162,-0.168157257643768,-0.115678726160094,-0.519003385912652,-3.43305290298161,-2.34258001657608,-5.28326779346182,-1.70569016389452,-4.11019604183258,1.90142835759685,3.11882064673565,-0.666960066669576,-0.162781816302735,-0.0759749030883607,3.3440185943194,-6.06636816235949,4.32545822752193,2.18741879683637
4.789210716772,4.55956376158967,-3.62871747006308,-0.814361455592198,1.00633753101654,1.79480258130794,5.29507192079707,0.576008778944092,4.07193397793042,-3.59953106364227,-2.86670669448335,1.12335996126129,-2.50496669767535,2.90767205566771,-3.20807221590291,-1.27669167885534,-0.514608197495171,2.22245841768475,-3.91808921096881,4.10639258346388,0.64843582263681,1.4455952014924,1.58232013832565,-0.397663834877237,1.10057647913803,-0.936936522942017,0.929948941322457,2.73580826597829,4.01890709867576,2.0783087603315,-1.58744804944067,-1.40729863720428,-6.17332468188951,3.12808734829617,-3.48828537288847,-3.59447453498574,2.16543828899218,-2.19270356028508,-1.99378613219429,-1.19987935473503,1.13188548447995,-3.05319122771337,-0.798612822896225,-3.38528522018163,0.637367928086541,-0.908793321893413,-2.35566057569795,0.684592880848357,-3.93794042876274,-2.41651686554273,-1.97533341438401,-0.574679522864171,1.65324064314147,0.971732691164935,0.130157443405861,-0.68625503987788,3.11295969655317,1.09924869217034,6.50474592707375,5.54198503797736
-4.34301972752303,-1.54878204317001,2.51478062443033,-0.829589854234489,-2.13496588707094,2.77164333202456,-1.53825070461093,2.26919265564717,5.29132820069684,-4.16904015492866,-2.69487992922758,1.27424540317874,1.55553251423368,4.67545209831942,-2.77867966041089,1.48571412290331,-0.549438064933192,2.30627417203922,-3.27253118378675,1.02606262812817,5.70598681665215,1.03009709570137,-0.00336552386005257,4.87212794565131,3.40918416358972,-3.76797344486761,-0.258445570742722,1.20407806257128,1.29075174347994,0.725292796886857,1.47125600745296,1.34791597798424,-6.15061863335351,-2.06660229831212,-3.57185831210097,1.1004483125143,1.94533109970893,-4.92044185098005,-1.79006363847713,-2.75650700028789,0.830267713834335,1.13459395917559,0.0279571647969659,0.96981812115167,-4.18046077297194,1.82461743833635,-1.19901999605888,-0.912509654679301,-0.511088314585583,0.359089848437916,-3.93923686716156,-2.49221744457824,0.952615127626561,1.67777776964545,0.732469179919198,4.1214445271238,4.85501242234525,-2.75794992796954,2.84035684816067,4.05489234193679
0.161940578478028,-1.45932377383608,1.6597420864802,-1.40086198058435,0.0353535718886388,-2.57371642035787,0.36190643011058,-2.62882693379455,-0.586158931417663,-2.02403505347004,1.99040931083483,0.122207495293304,-2.16646199206396,0.784767783672419,-5.01275485565604,-0.191784635269194,-2.13354342639728,1.02291833612379,-4.96840086177121,2.81397460621925,1.77769927100274,1.03354392200528,3.65117215058158,2.31389560344554,4.63767469721695,1.923042376839,-1.69478543593653,-4.65395032432726,0.704094597717981,1.94138318050842,1.24921856197046,-2.8031545408157,-0.45134199844889,-0.960485351239367,-2.84068676307517,-1.54841991134414,4.71122979203231,-2.99970458145574,3.17945835201889,-2.17111211102024,-0.369876624161208,-0.386340738029885,-3.913680603851,0.613231256379756,4.05381384704747,5.34172691563743,1.083524550983,0.467331855948425,0.253208981727261,2.91186143909305,-1.50618571331642,-4.39507782252147,-0.52499870708408,0.560898097650852,-1.08576874022944,0.855320753890797,3.5352378013218,-1.7174894304113,1.80985407383958,7.5310955895824
3.57770359633129,-0.290246316618204,6.32971641802247,-2.58012818331194,0.366126358047609,-9.0387444373338,0.135265711245915,-2.77017100478936,1.5983719206607,0.885546625625752,-2.91937679452033,-1.90845132827791,1.43488513118451,-1.23671065372039,-2.39290854340678,-5.98315452684698,1.18926299180326,-1.02208857368285,0.479565399724855,-0.0280628768497972,0.390183023135979,-1.83770848056764,-1.62622082274766,-1.92472336065959,3.56091029794055,-0.726703590294204,-0.542557622922372,4.49841412104382,1.21087691099083,-1.56879744272867,1.33824325680995,2.78200110315078,1.15099651186317,-3.3070966264708,-1.64474830831851,0.030144447184273,0.530186258363264,3.32642236598213,-2.85573227252521,-4.28771754395806,0.530083276394417,-2.84149646302766,4.72541255322593,-1.63652133699846,-2.23736039976635,7.88065875977072,-2.0532444937613,-0.18973468929435,-2.15303910781349,-3.14757210253775,-4.00105501426372,-0.0172747585398558,-3.07856723693238,0.403418647125437,0.566396389791833,3.47453703778922,2.48646067328533,-4.29160362969882,-4.52201703923192,-0.64116495207806
-2.28912365600314,1.61192692235043,0.656569857158957,1.894501845511,1.27285363915049,-2.45775541055533,-4.53042029260816,4.48273380666698,3.25772105527073,2.25792221256881,-2.92343835141523,3.66301909942964,0.249137854650047,-0.519402898331101,3.08713164811281,4.46099285645532,-2.28643597351693,-1.39214571246904,-2.98868544690609,0.0670503369376466,-2.21449985603052,-2.58745071445602,2.23375744540181,-0.932104267717829,5.28279413490435,1.47385115387565,-3.64535843856665,-0.483219263167188,3.26857488618279,3.31792132602493,0.650047707617206,-8.28655846938251,0.475886575090601,-2.00778272979994,-2.07936944793761,-0.298464425006077,0.763726330449312,-0.685310678163862,-0.5145451456205,-0.133505324516205,0.0991923530241934,2.32166953954642,-1.17514143075953,5.47832541572877,-3.98444422175275,-2.25182767721379,-1.70358962784071,-0.312395985468565,-3.9860038540781,6.30064574008564,3.39525890126958,-1.00973811997227,-3.97261881384571,-0.818260595992005,1.19506677737518,3.30764996638764,0.725248664488709,5.65665870208259,5.864764966522,1.44099855831058
-9.27390933790548,0.299420429429737,5.6697669802338,-1.3451149058561,-1.50601594577164,3.02734294814892,-4.01175126879383,5.63074984855589,6.78470341521045,-1.96359823197464,-1.07014140653593,1.71082862929576,3.42089704929825,0.741808581326224,3.63313950101552,6.63802970346762,2.33727341393506,-1.87380553530451,-4.29531536227246,1.64490362887532,1.96991084378004,4.87946678117284,-3.34460856253193,0.586266943826499,3.60070748053118,-4.76417117695794,-1.32920976260129,0.144613078624362,3.43568903194022,5.66976184801421,-1.1067465668066,-4.42731901532475,-4.05012733203743,-0.17959721892702,-3.1238308480586,-1.65955680214012,1.13955678469947,-4.55580197412355,-0.446633254582809,-2.77876280517899,3.48391922485981,-1.57512596205684,-1.80377652975059,4.50352299008694,-5.9767758362879,-4.50987611849619,-0.588160394460874,-3.0346739892803,-2.71683225115058,6.89579457981549,-3.06673610305184,0.763664148626685,-1.49515904245036,2.34812734589539,1.09802840810414,6.10489347829266,-0.0277400817044585,-3.91555479380126,3.70460443949334,-1.3800667136523
-2.61446764189232,-0.723022765775273,3.94723645494076,-3.55423390168297,1.00615310302754,-3.48940234613597,-3.45672804694758,-3.23697941417205,3.53570598244029,-1.9603516711357,2.08425301405192,3.48782955137119,2.33380962523379,2.78241264585971,-0.713320698413166,4.16539685311152,-0.911424557181096,-0.40980972587439,-3.3945914452785,4.18758527040386,2.14292704648875,0.250462068154294,4.67592951490134,1.36680522318745,7.59578168502223,2.17232792172243,-2.81933432533445,-2.19037232935287,2.80753071496561,2.8715135802687,2.51419345676233,-4.6064062697592,-0.750468977811274,0.0959054689571452,-1.59892874183024,-0.455780446389031,2.75116883482129,1.27646627984501,2.20897128391541,-3.08620434686594,-0.2665682932113,-2.80560734355309,-3.36365922369213,3.08322604750927,-0.20626105942105,1.47042422458296,-0.861328927146772,-2.43592075136691,-1.90935832368407,5.27339067593867,-1.61397759956997,-1.00825283468242,-3.12278535151822,-0.561329506062776,-1.40709553433191,3.72366358816536,3.8533562133135,-0.328945934609763,1.95069373266163,3.17136797811944
0.0379179330914727,1.70811836699965,1.21940774588652,-1.96295974011675,3.44019729239851,-1.72971813146704,0.161768960787052,-1.14268742302875,-1.47013720500582,-0.657925426273067,6.92388002047838,-0.574870358157684,0.256432201568111,-1.62951149710016,1.99670607899426,4.38094273981282,1.91403790429226,-2.59327751050828,-4.01467646001198,5.0161581533565,-4.34798482094876,3.79530110802068,1.01529957664413,-3.61391056348548,3.55801068239881,1.95829061379524,-2.27502522559885,-3.78376104264991,2.14455688047069,5.10579849449705,-2.10443166906933,-5.43214529843193,2.51168371965672,4.28602371189231,1.25787653439742,-3.82279937064221,2.68002957581655,2.7516797153735,4.98987386723195,-0.526328074928328,-1.32611029124536,-4.59178756657828,-7.71093630461028,1.62157375791051,3.76557970729829,-1.44399071882031,2.24863177751829,-4.14786266284017,-3.03824086826853,5.21224769227465,1.48458893677496,1.96621295748323,0.319619244195024,-0.247600552475053,-2.08297626879538,-2.39592871137726,-2.52239274085727,-3.80750489770855,0.238986975899776,-0.595755171204091
-5.34345391468896,-0.348569774396587,5.60215289957121,-3.92835496027119,0.78031201041178,-3.07581307336327,-3.68625964554883,1.01571469789581,2.80557072575521,2.55687427504564,1.24994698829686,-1.34908783480262,1.84196551274776,-0.432773534600432,2.3010948750418,1.81756712551895,4.10750106672009,-3.45989074354215,0.021056975277733,0.982060132706901,-3.8351803939197,3.71470097342478,-3.04738333508022,-3.58751994273007,3.30282735051588,1.59185407430643,-2.42733764611158,-2.43336483062833,1.99272746318047,1.94051451493803,0.287116094706245,-2.35917677989556,1.13969735557568,0.00543800508396965,0.301961910920124,-0.697226083888808,-1.80049073829746,0.73113472607873,-0.15560588387076,-3.25255212247695,-0.391013459139473,-1.12820416385019,-2.37255310423937,2.3339554239394,-3.91364324409717,1.2025951534854,-0.871273337565394,-3.12499984190232,-1.39590501029881,3.29060071965888,-4.6207060848893,1.88404828448708,-4.15100900200493,1.24483139175991,-1.27733118856542,4.78904701311846,-1.60412594602337,-4.72535349767383,-1.58444173538921,-2.58930431104722
-5.30808923000038,-1.59074578669204,-1.28841066691869,1.73587319864527,1.19220323525555,3.34664188046528,-5.01760317278015,4.25960577125489,4.99350600898568,4.00312588351875,-1.66169465378835,3.23720861471464,2.29185457730562,1.39633925043659,2.67422437867853,4.64450344955077,-2.0084838309521,0.111304721766188,0.775623966540771,-1.96037096951623,-1.83554074104934,-2.63629219874987,2.05424603389165,3.33819687851958,2.16693637339453,2.21023876192348,-3.97869623571232,-2.51670750923485,-0.25931655347199,0.443921772483208,2.15178350206953,-4.22305550200532,0.947962312368143,-1.89910419853565,-2.67353254437023,2.91283411151808,-1.07953650211183,-3.97394956132434,-2.36904455496218,1.18176740161777,0.145178632400091,7.11262881454972,-0.280313723491162,5.94571318293654,-5.02347749455538,-3.39374694423816,-0.706352523894678,-0.374222986225074,-0.754532868529605,6.85280449199875,2.62262053122349,-0.597566329127308,-3.48430944981062,-2.49887182271333,0.796341398001428,3.01330968847621,-0.340846728228865,5.64663285691768,5.45454237222176,0.467786574662992
2.44685023478492,1.08439739270335,3.98601692270461,-3.61910005305566,2.29703162792471,-4.09582840273324,2.17900111794618,-5.40044155314076,3.66827433903847,0.556792212981651,-0.769735004487999,-2.25681996548873,4.6300986978736,2.96928010598133,3.31088128887577,-2.25838696229388,6.67090226404253,-0.552627411469409,1.12550717751109,5.61332973571184,-0.29118765673042,0.489364895233077,-2.92161806186045,-2.22998040036958,2.19318202662458,-1.25550233814113,-0.9100455925935,6.63999616978554,1.28542425192484,-1.49021753496123,1.97628366452556,3.38439348297343,1.9170708285713,1.11255938824789,-2.72084487508759,0.658369249081937,1.0524379788203,6.04464799706796,-1.21931501377463,-4.98217466416064,0.688933639067387,-4.70541796842215,2.20585335695632,-1.15114390687767,-1.23702833741755,4.34686009999838,-1.89812012262836,-3.85588421438685,-4.0923044416844,-3.31161922900811,-3.25662871207138,5.8128124451289,0.292339606629516,-0.392139455619605,0.0170768729823916,2.38818457911026,1.04728837266021,-8.35197054783123,-5.10465319526824,-5.59582826499316
-0.258079731952794,-0.916486511649835,5.07103401248299,0.80811847870007,0.375971543742363,-8.38657140402503,-1.5049712274095,-0.414441303273476,-0.953809002726397,1.46275149955753,2.05307238578327,-2.59965040675327,-1.0043309758597,-2.69347190322125,1.37572731020678,0.882864902411019,1.58309632836275,-4.54843934822874,-2.31770722286525,2.05841168811738,-2.94679218867545,-0.64654203011405,-0.488896550178739,-1.96190464218758,1.24567077924376,0.638838925613267,-2.05553115432502,-2.56580895956626,-1.02362551850032,1.86118516306054,1.19046812719034,-0.590735103932864,5.62371138992152,-1.2438632820995,-0.931920538529994,-1.54481538465013,1.80184206090961,1.99279965451014,3.21647752914617,-1.58862737989665,-0.192516239453197,-1.08971472937596,-0.854133130464407,1.02865269213612,0.369222793651988,5.78815640419409,0.401301822369135,0.17839211791594,-1.93606809473682,1.70830933013856,-0.327406526166791,0.933823684784314,-1.7197320773927,-1.31330319253628,0.351262059525482,0.444368351177792,-1.01083398965456,-5.3700453586844,-4.04421917072699,-1.67955041351356
2.55268454058161,-3.23691546690347,0.910891090892702,3.94243731369954,1.83395848357887,-4.51403330540073,-0.0158678868587974,1.02267239266494,-1.57232772362115,2.79924558848085,2.4196949459242,-5.12128424940946,-3.56139801782911,-2.38240398080339,0.137641642586897,-2.87455828735832,0.404623991804352,-2.83089422380509,1.3622007554207,0.794378505851242,-5.1009165521841,-0.195105184011426,-0.717663414032091,-0.660913373920314,-3.69180330700162,0.926544943378783,-2.83398524091172,-3.65758675852112,-3.78747130828449,-0.491078611859125,1.85893248193747,2.35483561940756,5.76794683630146,-2.12971196744015,0.436031373858752,1.14597627291003,1.2515987939885,-0.100317176360106,2.30508262947098,-0.926788202685456,0.655242630691252,4.18114720276766,1.26078443625974,-1.52766813166743,0.866987463478745,7.40580344984733,1.04542469288504,2.60814779677994,-1.09704205230104,0.259844749344809,-1.03671301728415,0.0356085371865411,-1.56937609081513,-2.17752165884242,0.480317058893938,-0.905903348634643,-1.48495753645999,-5.61232716018881,-3.74530702409599,-1.23644257775031
7.83671859706567,-0.670875595205348,-2.63101869335301,4.85067581255202,6.33439916676019,2.44808852987543,3.80010778367796,-4.01938459016349,8.91033580448104,1.8422754379219,-5.72806413457048,-2.60206844271852,1.67459203775035,1.82697718867742,0.72228347092295,-5.01947443577458,0.674224441302509,3.18670986366917,4.38244262774772,3.82284694980734,-1.16467896048584,-5.28501259139398,0.282508804248625,2.12496948658982,-0.833521121859509,-2.85572935238539,-4.90444412182141,5.68340366841053,0.949162025780782,-3.56972819959455,5.16526698656251,3.46058773513814,2.29365642428956,-1.69212124665702,-4.36660165093274,3.39972000396922,2.54642634965457,-0.952352732709094,-5.08973585075074,-1.92450778938538,4.64557922647492,6.34002506528723,7.29881806859795,-3.47195732311561,-2.3995062985075,1.31872234275206,-3.84207076716687,-0.100637043981678,-2.8742192855686,-2.47993931717597,-0.195882605567959,4.63571122881546,-3.06588284378884,-4.82845244751376,1.42178023620621,-1.13483563398648,3.39944980057548,-3.28269749954065,2.61877768097809,-2.79408230199142
1.4642267186124,-0.930828357565713,-0.238634951713188,2.16899194953191,0.644209921780329,-0.135716181262412,-0.114891000509617,0.703509615369362,0.848702228126854,1.25059041931455,-1.67260025984474,0.0147222909556428,-2.41423973710218,-0.780379117721182,-1.97467929106515,-0.829240058910577,-2.30022089720486,0.427077474013252,-0.374515401479862,-1.65064657028816,0.393439932060163,-3.53269165161145,2.17530634937012,3.31882123582824,0.472879879113357,0.852644822072446,-1.57479865524781,-0.977541245912759,-0.73038187620376,-0.567764678597407,1.03559931168255,-0.0419896352770357,0.0820264303573279,-2.33630166317136,-1.0774928321582,1.05449174798883,0.441918623984098,-1.12323614230252,0.870713328384515,0.561560336935411,1.91995031616762,3.94366150296157,1.54110255038172,-0.743567814856951,-0.785655301119445,2.34932217102231,1.35787766257183,2.82970042249373,1.32725740350057,1.33289267225734,2.57444254708478,-1.33880132538261,-1.40909474949709,-2.12074372013936,0.242895913774757,0.700600292512301,0.363270151747906,2.52572334835058,2.51592887924386,2.57353827578582
1.19802784980366,-1.00243200313735,-0.746326063809643,1.83952776445059,1.35461156866605,4.04898218424667,-0.648583998335412,-0.763357960148507,5.05820165618746,-1.24286370972655,-0.447023503910139,1.00737384539634,1.90325877045452,2.40489432309792,-1.26590166581125,-1.25390819341436,-1.97670438954469,1.94729732051698,1.05984399354381,0.303211690639822,2.91860300917585,-1.31720699338939,1.49414124637321,4.37229070900153,1.53918511994055,-0.717102895201284,-1.23974448307326,0.54381023879412,-0.945079356192708,-2.49194655427386,2.15352583095944,1.26038483814366,-2.29747657738543,-2.07550364528961,-2.92825542346212,3.40933391424972,0.635926417328482,-3.50545864224163,-2.58630429557313,-0.630156022469929,2.21591150552264,3.84411415353014,2.87606719414055,0.0870138470773186,-1.68086857518019,0.251432091812042,0.829536779412937,-0.4502071443528,2.17127866897148,-0.0233360470090282,0.465607602808161,-0.0564582400851968,-1.76770021710215,-2.03938864361955,-0.466107936553028,1.59727063935386,2.78780619689269,-0.20125998471268,1.68135700415298,0.449614146530125
7.4043034032151,6.61103545341171,0.497289376032361,0.0092914108740812,6.1124665511455,-2.96744587068868,3.16193469946096,-0.0978197373461683,5.63607236091967,0.507238938871489,-1.88056912859853,-0.785976059758717,3.05222842028943,-5.17339976886711,3.61706151525397,-5.58495949910177,2.26898594960255,0.177370424482895,4.56423523959239,2.36317232848053,-3.31307877059443,-0.411369673967474,-3.4810118242416,-6.55100318252182,1.44222811508663,-2.50905329670655,-2.62697817529619,6.24873939845989,5.58739077528079,-1.45760585945726,-0.720896848416828,-3.84738706809616,0.287492742381798,0.605268275672625,0.65597956283145,-0.69586494793291,-3.0475069622019,3.28997337656435,-3.93741672317107,0.303064678623088,2.66612865029426,-4.91385460264484,6.55391160986957,-2.439829356234,-2.06940421592756,-2.55431383936231,-2.41144592988435,-3.9106625348415,-2.48523982948315,-2.55700133529704,-2.61749347298995,7.57523139011973,-2.90528770769467,-2.70468609637101,-1.80775344063257,-2.26572539011885,-3.04381742058098,0.774151249085831,-0.481090821361546,-8.71557016635472
3.33393501438966,6.13680148125248,1.23609263142268,0.941175647021785,-0.0156640242708445,0.21651530089017,2.67702210408539,3.04680891380491,2.46005849464812,-2.32027839551498,-5.20106146595135,4.53347121521984,1.36429657620634,-0.495260567746198,4.65934263174773,3.91583506597686,0.883394038619267,2.2908139810449,-7.67589506282542,1.92675293604121,3.38624164866265,-1.51870072380152,-2.89715577535756,-1.92640285533836,2.03279750466101,-4.27949615043214,5.00252883096971,9.53180836483624,8.53626876665815,5.55908136001469,-5.36284526770845,-2.56100084304624,-6.95589359860177,1.6618181472468,-3.17615494600313,-4.63706245352378,3.27092975836364,2.29656043440107,-0.373616080544792,1.16932621471634,2.45575937041823,-6.91181167297213,2.71535450498011,1.4613000950307,-1.98747550404603,-5.6572163435513,-2.42756770509974,0.00329998607074322,-5.86316991876018,-0.024543103772967,3.56542798796713,2.38357127491168,2.97243818753758,2.39419949798668,4.06675114044717,-0.923522250413888,0.957298973419503,4.63027069683856,6.2871338270878,-2.38372868819895
2.59539463031207,7.83865529270272,-3.6868424938022,0.0497604150697558,3.23853167905098,3.00246206517576,3.29761493025596,4.44956685383702,0.673109514629763,-0.287934498769022,1.50011026296767,-0.895116861781513,-0.694296534915872,-6.02948188662293,7.19137501858223,2.56333690307226,4.70169285202449,-0.443547426075629,-2.2421696789158,2.55427880920187,-5.16670635212799,4.31567511576978,-5.44729577946269,-6.91627936806487,-3.83488918064078,-3.17662754085877,0.564000328754977,3.82741829711587,4.71822747092875,4.49832085705539,-6.43364876586403,-5.50855914762518,-1.47833332316407,5.06275596257867,2.28053558370706,-4.38709256691056,-2.34600821893246,2.08933020692785,2.63047255025094,2.28444404877046,0.0710738463028363,-5.3891013206317,-2.07586323048756,-1.56319300229392,1.27739793275159,-9.08379707199644,-0.124923104656781,-2.42578483215591,-4.42111991035394,0.343848573496923,0.328802939317551,6.22251860175104,2.81683278376975,1.37413393630656,0.698695049160261,-6.06329457332408,-5.26808651991876,0.868163744019996,2.00736872555653,-5.52844004418163
-1.34353854940992,2.32432679313104,-1.0042923488741,-2.1181425853565,3.65703747943553,-0.955431634059144,-1.11047202212861,1.92506362726522,-0.114148689611677,2.43171218786273,4.25499189138725,0.503495240620007,1.90525235802179,-3.33371003837026,2.91550091287647,2.81044942389611,2.03018664699515,-1.86679704791431,2.30285155546498,1.32781021786906,-6.17450549577528,1.44398402706129,1.0218295179124,-3.93327018029597,2.54491827314936,3.65432909020516,-4.34374717438323,-3.21077351534546,1.35936236788878,1.52102347281413,-1.11888913211744,-7.7880176160811,1.38791225572711,2.0673073263483,2.6601566644167,-0.886099432101696,-3.1228874870277,0.36267684958734,1.08829624528184,1.23916375529589,-2.09545582290403,-0.364250354412568,-2.0968858240347,3.6719723301718,-0.360916387320407,-4.6353769514996,-0.0132678623118671,-2.87370534430888,-0.249575954156122,4.91884583344283,-0.0730587167194615,1.8316449369261,-2.60606510286138,-2.55452045114731,-2.26642179158775,-0.219461978169457,-3.74899092126666,3.5498968702717,1.61338831583255,-1.88114994413187
-0.674685071679232,1.97605946300006,-0.723643481093275,-2.92186133221921,0.229859274944292,0.675183088570708,1.24187349312515,-1.71754269355955,0.858426844355875,-2.12651504536592,-0.354139371939005,-0.0721574482325498,0.838174742549923,2.97801878573157,0.129141037065753,2.33248219272086,2.00041008833347,1.49829085248122,-3.03230309049218,1.23014650705594,1.22882626895631,2.11783192051474,-0.579523819472362,-1.08714945306075,1.13265049611331,-0.211844850327627,1.58938384103629,2.74098141778443,3.35711772196842,0.570089676721021,-1.9457903276934,0.0451704349160525,-3.13810490583574,1.48701152239265,-0.329165663798712,-1.61414881820042,0.842838924694033,1.31240072862626,0.692327714550749,-0.491955447370624,-0.866225457734088,-3.9450990214744,-2.74687710156306,-0.0312090726918886,0.729482424867766,-1.62105527387113,-0.697339178460312,-0.603287906441258,-3.47477521624711,-0.758851051872579,-1.7231995150776,0.244174522336761,1.74735832599371,2.2174637742564,0.758284950287772,-0.181781992379515,0.912213248263814,-0.246946110287783,3.14530812299089,1.36186114436734
-6.06052860158185,-1.78572396713116,1.72672663504503,-2.43771608837122,-4.93936761490998,6.17040476298636,1.60540844388936,2.8297360365999,0.562487546194105,-3.47595163514275,-2.77332407349209,-1.34549077491143,-0.0577221265194829,3.82970302071366,-3.18868191849634,0.252354481603574,1.53399013773031,1.49673296508151,1.10076118301136,-3.66704589996357,5.95981865153575,5.18971636349014,-5.37860790667834,4.83089733861988,-4.50200988230164,-4.24589890679986,5.47509067942791,2.92935818651093,-0.639482398856287,-1.16409553750928,-0.12930734779515,7.45080543912512,-7.57456068490766,-1.97254496065429,0.15185850968557,1.06044710720999,-2.06521747561991,-3.74680019673629,-2.43799956962714,-0.810579151067971,0.737308288785071,-0.389216796668516,0.131020328307172,-2.89202722082687,-3.51787882862471,-1.26884821435626,-0.041289908943269,0.0313790002761607,2.52398283525674,-3.46323054841263,-5.52970246820517,-2.74560328967601,2.99232988115516,4.08864065408412,0.869460927218118,3.85460833451773,0.743734246968749,-4.01977496253012,-1.83865579614889,1.63322999513573
-5.98678538139188,-4.04865702243237,5.73354388145633,-2.44026788374346,-4.24160460398473,-1.92002773980759,-0.393374751410634,1.77009904743961,0.832101258070454,-5.96827212088575,3.40684414579452,-0.205681417620885,0.224740850157694,0.352437373154694,-5.8798677476775,-0.0374596174494922,-2.21167385556489,-0.144806549845456,-3.68736137473621,-1.25318579682454,6.33990874650012,6.13170918992251,-3.77149077675349,3.6208863220267,1.23942482693985,-2.24020331719097,0.977232539716316,-3.40510657103098,-0.633979654043476,3.51305448779369,-1.01158424681189,0.0570105847991923,-4.03539131979686,-3.112097476516,1.50039220814874,-2.08934697530444,2.48132932722722,-5.7556323179086,1.74151413386074,-2.63484096154508,1.04466846220829,-1.34277057560186,-0.245812339295879,-2.37736648751976,-0.700586467981068,3.80242143456899,3.18472890695171,0.13395183222939,2.89159426937607,2.88075695162987,-3.63481369223334,-3.48346884796615,-1.13282422733924,2.51810015184827,-1.11335863530931,3.71650063365098,2.2831281641123,-5.55551848587587,-2.58030773309673,4.46544360191067
3.39306644132207,-4.52453948334423,4.65959444818292,2.3041293628431,-1.47636510321147,-8.26004273566928,3.83977025311974,-2.2983447379257,-2.76355303193757,-6.74612202894368,3.6434603187911,-2.52273119465019,-5.73429403785622,-4.86801980864405,-11.5586855206565,-7.34150149253151,-7.76982783457948,-1.35698788522471,-3.54568308009012,-0.623098923154965,6.29221334548133,1.05806860181062,-0.707176626225515,5.335288496389,0.81505007840485,1.79550988522705,-0.599986346527312,-7.5512996393787,-2.35560864476643,0.247218976387281,-0.986737752721514,-0.554646191210568,0.859605633142891,-5.01404044463835,1.19785874867423,-2.88402621322067,7.17542878312693,-6.4871341663699,4.53110182186465,-2.00983197761836,3.19147398535957,1.11457616852726,5.37560949092594,-6.10222899266436,5.51287979886458,7.88890124447116,6.59510488840806,4.23608609216574,6.0793436658707,0.324378899555516,-0.945258777159209,-6.08517958927336,-2.65847016038115,-1.43858019297377,-0.709447993732102,-1.40967814977769,5.4567502227309,-2.88263727341522,-3.96595265130097,8.04572821160189
-1.18882207247689,1.1918943452421,2.65349098408774,-4.86750390446506,-4.58576206182058,-6.18547683536967,-0.478776171081288,-0.300417005129655,-5.76658542643129,-2.52367537844544,-1.54033019856426,3.41445704384978,-0.544504283115161,-0.0888882730197963,-6.60658100961439,-2.00653685400571,-4.04141957491581,1.67193163450033,-1.85975250298471,-6.2942118184157,5.75341663848523,0.280142824159078,1.27949401986313,-0.186668019759561,3.98546762442854,2.29951529628102,4.562538019197,1.50086423463143,0.701261505047634,-0.201408501013313,-3.10654061047014,-0.49476739358696,-5.74191195189091,-2.73683904211888,1.3380608869996,-3.4517949412141,-0.848800243589531,1.02825420510862,-0.950773621312199,1.35088440488267,-2.68487630263291,-6.3246927616666,1.9149837234261,-0.37188316529517,1.08244093051577,0.235153111081937,0.56363588268534,2.48156449149647,3.32691750543665,-3.64390803996014,-1.26238650809484,-4.8999271935003,1.9122308962496,3.95168037461418,0.260698967873055,2.45408924068069,1.81194444949355,8.34490242913681,0.103217684105107,6.25089379731725
0.490208827888096,-1.2440357039526,0.643216350197174,3.52225396130528,3.63035565511592,-3.37688289792568,-2.34622758898915,1.39016954570214,3.05033199658504,4.8285500685177,-3.03463752259183,0.184329739303199,-0.613298435755094,-1.42072469697835,1.35318166754906,1.99236891784677,-1.67853722168128,-1.95839615462439,-0.0681944227218332,-0.043515516492241,-3.43999673376187,-3.59907200921447,1.30830746385377,0.111831109892056,1.19112860054902,1.20236969072219,-3.78884206715736,-0.417689357099723,0.0300665868567363,-0.43889982891148,2.15663878729608,-3.00781769334813,2.73577028325673,-3.44901466357594,-2.97273489327696,1.35495378671277,-0.434052915857927,-1.76832704748901,-0.948952220448434,-1.11714029072173,1.51034733886555,4.66114188173361,1.03188782042578,2.09155575620504,-3.23641645891713,1.82819244156012,-0.786373988986357,1.46008183615332,-1.62786462193454,3.57220977300017,1.38259749761324,-0.667878732002977,-4.58754831432799,-2.06484565144466,1.9812513781094,2.79152586270478,-0.0168044709444508,2.38407491442121,3.86777680394998,0.0427619732086444
0.63804484151141,1.03153839412648,-0.415816487220843,3.45369300220841,1.11519018723916,1.02887979907094,-1.59434260577813,2.41171060037443,3.09887618760744,1.44537089706992,-5.52704937331374,0.417098424341992,0.00331881784620659,2.48130778820811,3.9006084366002,5.5162443122438,4.07513557210125,-0.93971065480186,-4.72333881955386,2.45034247441863,-1.78134213908744,-1.29993854874739,-1.63812630633207,0.424379224005763,-0.920870079417195,-4.0709731295872,1.69810324079573,6.70175487812307,3.4805632897579,2.60252201916947,-1.45772926910409,2.42411081598825,-1.14574847824889,0.364907215084934,-4.17328895590419,-0.638364412615006,2.24792154452784,1.4481408827703,-0.0164541074862743,-0.737998407540239,2.24004751332357,-0.169467617386141,-1.11254142148851,0.513194052541238,-3.65242743863617,-1.20628666268916,-3.15167251095172,0.556445648242185,-5.73813804115716,0.667562597772931,1.57956586830084,-0.116938040884263,1.16329662789513,1.50851302796137,4.08415029170965,2.09672284164257,1.38514102512314,-1.60986572055719,6.2421914551455,-1.68830542851268
1.0869261899625,0.139173187772291,2.54339760991438,3.08149547858923,1.50246002673139,-3.55240892527855,-1.31997557907891,2.09491723196269,-0.111477195073402,0.934626812606781,0.0680583458770081,-0.782659743224439,0.368218573211587,-3.28963881544888,6.62428741965731,5.20166473531015,2.39553857093332,-3.32513380069728,-6.3378537192256,3.07614291922616,-2.57884622904363,-1.97372505183663,-3.14513604916219,-3.5234234508173,0.94025488813138,-1.98167428009138,0.183589517629962,2.21170363622853,2.91630665488575,5.49198250698537,-2.61437656221877,-2.52432550805066,2.83840326845188,-0.0508145690853756,-1.5437548287813,-2.58896668395737,3.07052956766672,1.98172688608843,3.59552193952923,-0.186343003072282,2.21035776066995,-1.31083481181308,-1.87384049596186,3.17472234155004,-0.87290460683896,-3.17114918528277,0.911862042260445,0.414273170072512,-4.65894490742945,3.76330432042769,4.4399904491671,1.95989045833281,1.15992816061645,-0.108618511893568,1.61220121223898,-1.80050976645401,-0.629183018464433,-1.94736652030894,0.712893076687467,-5.67172182835493
3.65849009445154,0.128540117243442,2.4934491459991,-0.634332509874731,-1.1408459675593,-8.27266519599162,1.74933256516953,-1.60572476457216,-4.72323326197626,0.487516011605939,-0.754240508716635,-3.65509805315398,-3.81264191801756,-1.87997230315679,-1.75339460186819,-1.77963361753983,1.11067919762878,-2.27445884012224,-4.71450229371983,-0.0349551744438505,-2.45839395794039,1.32311769394072,-3.36222921183121,-4.40332458524127,-2.00703922601272,-1.12586997921987,3.12973741152275,1.34554155474207,0.329439712748778,0.826525884326005,-3.25636773129582,3.49558308390144,0.1720411226903,-0.0704462036923937,1.57118310198428,-4.1385373339253,2.70251423344675,5.28777281565783,3.20906751607395,-0.542640331610865,-0.897475846585761,-4.98266832365932,-2.18631343918752,-2.86300561285523,3.06591326019557,5.39406461739075,0.562438618910339,3.27958961041419,-0.693888179042872,-5.57540439109837,-0.69966966080831,-2.27099398355468,3.98312745928841,3.23246373711848,1.42678534295053,-0.822908502490491,-0.572685717995655,-3.41855018280504,-2.62122685232223,1.04147808838996
6.34343382680595,3.28162116126542,2.09022876868467,-0.00792425141376024,4.56632933849107,-7.94829164185821,3.20727387080656,-0.967314566090237,-0.284470778457288,1.85941501999536,0.271776070423505,-4.44305924864795,-2.95064037168115,-7.20736431656553,0.25421246485576,-5.74979102623837,1.63712127328713,-2.40439339611101,1.30973309478185,0.947264291777598,-5.93214098934765,0.271920814200672,-2.84440809369346,-5.7508021906075,-0.940294410794975,0.985868118914891,-3.04747434472581,-0.907299734331256,2.3439416007039,-1.42542754285643,-1.20395370729859,-2.79608394073154,4.06853819303478,0.775213744221468,2.87020119099276,-2.60059877223132,-1.25079346252578,3.69484463610677,0.27031087685094,-0.82186784545976,-0.510979983723957,-3.09680330710817,1.49900596105069,-3.66908188070896,2.3762164531499,2.54086444906947,-1.05089226718724,0.755478113255138,-0.147065750387375,-2.66799378775968,-1.93436728603899,2.06166937957233,-2.15911553273118,-0.23718429860935,-0.671982023634526,-2.32418664064108,-3.53889951942493,-1.14949839616749,-3.14051508735204,-1.63307993643164
3.89053818386203,-0.225789886464948,4.51375460474734,-0.877883889160071,2.55842454176843,-6.56747792310896,1.6566811720806,-5.3453253710273,0.184396273507726,-1.53171371139142,1.54744205949134,-0.83315291485322,3.42436605649124,0.117465363225306,2.6187413761087,-0.930320918070146,1.94212187854346,-0.72556379608627,-1.45468317814363,4.88137103918274,1.07368005846353,-2.42228298549261,-3.30589633985333,-1.76603073004681,3.94768804537134,-1.35718345719492,-0.801227715317475,4.4831292853659,1.6840792193814,1.11397979944927,-1.33403829570185,0.920055510598899,4.0503892169307,0.116535347103323,-1.13938695781609,-0.536655143148596,3.29079770282702,7.08943571582887,1.23026270095344,-2.9781597016391,1.87577394054926,-5.11963970408919,1.84419745764342,-0.626720962584254,1.87130769695239,2.5329072320298,-0.462859916360933,-2.74773676785558,-2.02270683244592,-0.528573268292571,2.4353177346751,4.46029577272578,0.109704839649803,-1.16642473800917,0.0622529436555741,-1.19136905371047,2.05574433582507,-5.46345407209215,-6.35880904003425,-4.9461436165092
3.55371661722231,5.1431508314365,-0.426030139045933,-1.37745473705841,0.728574235817031,-1.46670075852436,1.74907597524995,-0.592757517354732,-2.74201508710139,-1.54036463470904,0.828430822928757,4.08702384586784,1.17957658795933,-2.67494394520706,4.63146291938903,1.53170853890676,-0.783885886468493,0.515430071159999,-3.70901488501205,0.790796537177356,1.04451545200693,-1.46822323801753,-0.330379847398288,-2.57799097082565,4.28677249827191,0.926195401705001,1.51910235073384,4.00552851335218,5.30753723713821,4.02200455417839,-4.66466947033639,-5.50818611974001,-0.719980329194182,3.00608586764435,1.25851196236229,-4.48560464215093,-0.487319972861055,4.5518552771399,2.26213422529244,2.76738762592172,-0.271765259531022,-7.02783239747548,-0.506822519387453,0.75448073326286,3.21798179891182,-7.54089536603774,0.712396639788966,-2.3975541057927,-1.62649104565605,1.36513749239439,5.02326153098725,3.6554640857491,3.70825077419312,0.874303499372663,-0.706310157291206,-4.0650924447672,-1.35114346285866,7.23996591125126,1.25035425954166,-1.51119385682773
11.7391832301402,5.07017650806574,-4.55384963088271,0.389285540999796,4.69438784013798,-2.63722800702565,7.16932529704503,-5.71749865631089,2.08162431232435,-1.47967509445912,-4.33051977652629,-0.442338285906266,-0.517468876268644,0.169133267562673,-2.59721972659168,-7.69765032008241,-1.67447794307238,2.42242078442306,1.60827132063583,2.94440835200312,1.71038455652773,-4.37465039319565,2.20451487211729,-0.501100488821909,2.43898818647616,1.55599280238409,0.364090350890277,5.98022421468455,4.0977961637389,-4.00866053547571,1.13216478415866,-0.267715401828936,-1.45122131132734,1.56613516351481,-1.70663337544449,-2.20359944006259,1.82206384750786,2.55870210392574,-3.12711499036843,-0.855537866815463,1.22822581206168,-3.3959834913767,5.74694793542149,-4.38084566604671,3.2952374500998,0.497435992100833,-2.87553672964126,0.825447704012928,-2.0606062247995,-5.95662887194557,-0.535053828620792,1.14879458022134,-0.144378128444562,-2.88180283650723,-0.3532774675115,-4.07133900761112,3.15653942931686,4.69813369993128,3.87085780755967,1.22836001955889
11.671449667357,4.95712521918116,-0.255098415848556,-3.75193505845083,2.9322759555481,-11.3672300995665,8.07201373446987,-6.96611306619071,-5.42123333687862,0.174109298922615,0.923621461674824,-1.23832362816022,-3.32732349780676,-5.41401054351558,-4.77722433085256,-12.6925481923375,-2.00428943147982,-0.460108526941214,4.87695338982461,-1.88786574968419,-0.654336691039412,-1.88686176100643,1.62209082838346,-5.59107601660003,2.81502921709823,4.97633421951959,1.76274026780873,1.69438189963965,2.93992206933995,-5.08449062647446,-1.85359848370413,-0.945027575661439,2.32561810334597,0.619043133296488,3.94132502870556,-3.58648955098573,-3.30518708906239,6.97028266313161,-2.10213876251557,0.416056760096331,-3.88822683318374,-8.3975977897432,5.34845800880795,-6.56564129409157,6.25910020367404,3.97005199354783,-1.4343010373017,1.07031403415795,2.80696135261985,-9.08782339346418,-3.12585937177852,1.73618620205732,-0.85560693731938,-0.611622109750931,-2.94440945516217,-3.95013866833065,-0.776757045769664,5.33101718667863,-4.92489749233108,1.98450716973345
4.04247052049413,5.11911850596697,-2.28077761701062,-0.51300447116191,2.02800956179538,-1.06269017522226,3.16106075801224,-0.23643529995764,1.28343535472289,0.341408476318052,0.0561088690433638,-1.03436504552466,-1.15486362676857,-3.57003733983904,-2.63306399287517,-5.41881372337566,-0.649039408198896,0.505257432799024,3.18037789346686,-1.71148041267186,-1.64050950757409,0.656128346949976,-1.0645991090119,-3.13421790235698,0.131125449638189,1.18956740551746,-1.33473817492319,2.40550799039995,2.66573016799223,-3.38729370706451,-0.937710230457373,-2.65200930843722,-0.625503751334513,1.16568523810944,1.53886839318272,-1.78754170856006,-3.67798396202927,0.532524262579861,-2.52106976377821,1.29140776794422,-0.809797647955522,-3.77318721905852,2.66438882996148,-4.27001746049802,-0.494103559329701,-2.48239495533129,-1.41523608911148,-0.111074149146688,-0.691969511463397,-3.71729265448844,-4.70813450202415,1.07837154620435,-1.62870582653134,-0.51069964703267,-1.13274444192999,-1.724011958385,-2.44285520335297,4.01424488024377,1.9081487689458,0.208227748217556
-4.35827923036886,1.66513947536377,4.63840232068164,-0.820813809247674,0.541636490760098,1.72707048600852,-1.38679649865722,2.83545650212598,4.90263104744121,-0.764874369153865,3.48254967293622,-2.71124895629804,5.64153390799658,-2.38038739082565,5.90847678479423,0.965505122259682,5.24390726605065,-1.80697160080121,3.40535750600612,4.10543524455969,-0.509619456475428,4.42611465008878,-9.75724361198606,-3.92005340500348,-1.80221271637753,-7.72988609460692,-1.83620958002405,3.76324379696946,0.193891679779868,2.4841310737865,-2.27424965736256,0.705949999729516,3.00755284268353,1.75964030448463,1.66722359330136,1.0206316822395,-2.43418586607123,-0.0702908924232726,-1.29588467771393,-2.02211070106003,4.4788676591651,-2.34252657314225,2.01555360437414,-0.90502521380902,-4.21977110486487,-4.77623141005361,0.777372308719465,-5.64234358975126,-2.97043259049184,1.9535100187039,-4.27893495895092,8.02438700818639,-0.475388051422131,0.628820652582369,-1.47428335492681,0.247941673011277,-5.03791650818774,-8.36100105418326,-5.57401174338101,-11.0334943276647
-0.53534787738677,-2.76610473094854,9.49852796764383,0.613510398018642,-1.64945077250928,-7.90014497158405,-2.72458134993622,-2.04957754213616,-1.26899291123919,-1.01407706182021,4.55318312155142,3.75216391008184,2.9105172186572,-5.70072713820915,1.96877367097306,-0.743240931537431,-3.87880727180701,-2.39731701271097,-0.640154728133956,-0.291981141385128,3.86732802281385,-3.05239182375685,-2.10715084304547,-0.0603800981496894,4.96996340243667,-0.874322512222811,-0.293761203452471,-1.97952302700151,-1.13899439195049,3.5010455873809,-1.65784878438461,-1.64501625467814,5.11294742850762,-5.80446464516739,1.33797149603686,0.522298053703816,2.88070540185194,1.65842917508549,3.32468003056961,-1.1839330774021,3.30985959688516,-0.321729823624719,6.57324617367024,2.62537536957163,0.636563791881525,0.341683010999713,2.92744807428089,-2.1784383438404,2.02247501035303,4.3101423661512,4.03109578654459,1.52244950304944,-3.41839595668252,-1.08360905213792,1.0807234217083,0.459774532911401,1.01383982738512,-1.26973550917162,-7.05247258505595,-5.37246370426417
