"V1","V2","V3","V4","V5","V6","V7","V8","V9","V10","V11","V12","V13","V14","V15","V16","V17","V18","V19","V20","V21","V22","V23","V24","V25","V26","V27","V28","V29","V30","V31","V32","V33","V34","V35","V36","V37","V38","V39","V40","V41","V42","V43","V44","V45","V46","V47","V48","V49","V50","V51","V52","V53","V54","V55","V56","V57","V58","V59","V60"
1.07402330808216,-1.02312685144501,0.134575306862332,-1.0529493311802,0.432749291751409,0.42879760181304,-0.563276931186578,-0.164791132502296,0.216468783327036,-0.620882365449328,-0.884020391540958,-0.223480809388835,1.1209646190885,-0.0452651920424038,0.959798721475468,-1.34963410664153,-0.61471331673083,1.40727291440112,0.24000084610875,-0.312968844309282,-0.766493118620251,0.931143626360881,2.07992559060926,0.54726474215135,-0.0774771425499647,-0.182941801854805,0.172920434218171,-0.54624512322748,-0.979717962377782,1.00723342290548,1.57525282712244,-1.19484320279799,0.471504423308662,0.782062753048991,-2.62150367308134,0.280482472049663,-0.816787162565729,-0.028041021756506,0.305156558242667,0.740756680930978,0.488306177223133,2.38092160251974,2.31387459760666,-0.207645344102167,0.748002694576245,0.414624268210167,-0.985733298773596,0.21763815448373,0.0653643125319054,0.565631494998615,3.6124303430819,0.266596568502264,-0.736823334163281,-0.740651701650989,0.13088906198576,0.87592097939529,-0.719599806906259,-0.345206114799482,1.46577196594432,1.0975306477484
-2.26859507905867,0.212017658639528,0.870252997922838,4.27593925231629,1.27128555276338,-1.59815112780868,-3.09252880439097,3.70773233973414,-1.65200560553656,3.62554578853548,2.64757597240706,-1.55520652958791,-2.47901106437113,2.67684737205565,-2.17841043214456,5.92151957167575,-4.71395352786312,2.39519848405609,3.99933129240683,1.19977288282931,-1.63911980387849,-0.946330310267414,0.436097111920017,2.40008768239622,-1.94542978688345,-3.70727832147541,-4.18035999088119,-0.656445342588002,0.11328143294009,-4.07465052200979,-4.16368924668319,1.8800669028705,2.34249930668912,-5.77209263487498,2.62465788914379,1.30264803877539,2.88056430658358,7.80057101449477,-0.310504254022365,-3.55300550993759,0.218793234284572,2.51154939266997,1.02021245357802,-1.496615692673,1.62842311977352,0.532634147204496,1.62697070900978,0.815484538219588,0.136633859319096,-1.54366698565641,0.292432479783674,-0.383383088626105,-8.97006052220638,1.65135836009801,5.08695346550953,1.62965409202857,-1.0864365983126,2.21366327525651,-1.59056509730666,-1.92029605177806
-3.17385846955586,-3.12742313097802,-2.99021098630991,1.9197084496305,-1.62500039551468,-0.0138992066391767,-2.00119043706035,3.84461714797528,0.0334116089249122,4.83499258382307,-0.53484710046257,-2.02929828035223,2.21093536601265,4.22460843417469,-3.09858031295221,2.76779259789085,-2.61679973680172,-0.993156630613121,2.67403002191009,-2.68339085141738,2.68407892828174,-3.44634674533315,-3.36450451278499,-0.794311327816389,1.53714765825003,-1.06919979787154,-4.63443732097659,-0.299990919641975,2.89925683239874,-2.12858541673294,-1.42064293131012,0.480417521061846,1.4240731437988,-3.2996799613243,4.42804157586116,1.41712362108659,3.52436586547309,1.85064591711872,-1.45798250342241,-2.69382959014729,1.11717868543903,4.79041434929082,2.75493277835745,-4.23299787571443,2.71540445399044,-2.91486053741231,1.53641485277741,2.99725137884549,0.976533720552521,-0.799002861168636,3.22368182793547,-1.25170839414579,-4.07393877511451,-4.0765910908493,0.456427243859326,1.09821664621865,-2.01637598348981,-1.21700932288191,-0.589027078553057,1.02560822027712
2.82302201603485,-3.05220300464469,-1.48381173554146,1.11494257901092,-0.6865328193459,2.66305262327617,-0.897729027699726,-0.822853959426107,1.20917252821976,-0.88738683193496,-0.964154277757813,2.39873153611035,2.43607300349397,-0.0357034499163648,0.296432053179975,-1.54699425542019,-1.13061166063395,0.398940071539304,2.31865159958833,-3.25553435487395,2.38816309367939,-0.542995088392317,-1.22904660804871,0.625464237659546,-1.47737138141919,0.595732363952807,1.40462802750168,0.22325079970439,0.129407417402987,4.3085246859824,3.57951799629218,-2.6048604870814,-3.53185657622961,3.31176467352531,0.589740282788783,1.85506063532693,-1.54708275141779,-4.15668820861859,2.50749197037767,0.16681348096914,1.21095901584411,1.83903795405079,-1.06393259036566,-1.94875595609287,3.63018554899551,-2.72774934966682,-1.21207245241801,1.57276748265833,-1.64265670816822,-1.63563522142209,3.33358942025086,-0.0713940771211315,5.88336520261866,-4.78093862510571,-2.70349767495125,-0.597739306074151,-0.565618129896512,-0.500263230003521,-0.495359427993196,2.253568524509
2.79470839343368,-1.92620674690493,-0.607055564401514,4.07285833072911,-0.591433143868272,-1.21612209716843,-5.11901351306627,5.65923746111199,-0.168342483949679,2.75067336530735,0.60996348823781,-3.02285462708501,1.85260601927178,3.83437944668569,-0.0981655320219745,-0.371214914639536,-9.07299671994508,4.75415234075125,1.24405703626608,2.9963853388084,-3.0760641290204,0.225206632630078,2.99682647797228,2.94098538489646,1.3404924910322,-4.22385989167727,-5.18274116337785,-3.87419580805663,-2.30117952823899,2.02817866105308,4.02657709291398,1.58365671112129,-0.623704504861484,0.171788337678568,-2.88538299346633,0.46314426292105,1.3926915639699,1.07382157065663,-3.54844222710817,-1.73365624757365,2.22994852032219,5.37066032324377,3.97702510284776,-1.002327002649,5.04664830356997,1.42474796443762,-4.26541936084914,1.26517369278847,-2.51580311687377,1.78474791931006,8.15208680089527,-1.99932510594925,-0.499578958710195,-1.18728960446871,4.14607307826542,-0.0336186519205861,-0.716962768472362,0.875632972156289,1.60066224323766,0.105584311137901
0.487821231514382,-0.645138347187945,-0.260552245271896,1.10479550544522,0.997335856871374,1.18298414055443,-1.16304097388766,0.896928792099946,0.837675563780674,1.13617419068463,-0.660129667316069,0.227468831662608,0.485713593257686,1.54766821846524,-0.52668422119655,0.693500882708817,-2.16170589498332,1.18341331913617,1.74002036658053,-1.07165995907899,0.0115193878722045,-0.452061980687457,0.207937916800607,1.94317356106476,-0.454496125254148,-0.711564279106699,-1.20023693760751,-0.590780475538584,0.866872599474907,1.79091060519674,1.13989556857389,-0.795691009392181,-1.48151262347737,0.505346269769369,-0.402203664761335,-0.446979910187078,-0.271363179889777,-0.943311119149704,-0.267357177573925,-1.11880220274228,-0.135438649873251,2.20206278262989,0.664571667070575,-0.887072222054218,3.34127421879958,-1.01155977805409,-1.58811268785106,0.195684662622991,-1.22003673423178,-0.747070936480298,3.29148996726641,-0.222321496389269,0.72303200868568,-2.29481349992826,-1.23947905773333,1.09845488990649,-0.363103948928674,-0.248548001317566,1.11277433777869,0.0522197759872228
-2.68988605962438,1.81123122853986,0.522577804215372,-0.972050694807909,1.70012547191553,0.867714340188502,2.2582193615611,-1.70782098560328,0.804284733298976,-0.629694856558845,0.706060615710956,1.32101495844798,-0.480647657411813,-0.973504920121949,-1.24098321980151,1.60333437540517,2.7909608906822,-2.30837152870964,0.963396600555994,-1.69254997671672,2.27046176198781,-0.910244889666298,-0.231617261039833,-0.952408036025039,-1.21631344758658,1.63907205588044,0.977809009617175,2.33183337530325,1.73575329189583,0.109309996309287,-2.7859622686844,-0.793124771338172,-0.184061890771863,0.332434829023474,0.951656696222027,1.76074603597943,-1.89049901604222,0.768811567933066,2.42221147295222,-0.559638131609558,-0.601895773283693,-0.948955608848219,-0.944239087728721,-0.930439839810757,-2.14928120633655,-1.80473808731245,2.00748486669877,-0.0561118992492127,-0.0705346844758734,-0.837995983218144,-3.10369349003597,0.811471695309486,-1.07321890397412,0.409887059361961,-1.42019581844597,0.0148541464845386,-0.605302669342206,-0.217355896689347,0.0746039728150518,-0.180728748946421
-2.26111171776454,-0.563651784768046,-0.747047023178998,0.710176556312598,-0.903475970774499,-0.899254018768382,-1.34552204881561,3.02368015325077,0.39885936815178,4.26996086641325,-1.32467217203819,-1.54565461308048,-0.124460171754517,1.65061173425387,-1.25139180084414,0.121235637341258,-1.04308990101016,-2.35657158162531,0.433906774487925,0.973188489035664,2.78933031261096,-1.73842124714711,-2.63413233333982,-1.48242451699862,2.84931597585121,-0.672539651780289,-3.93662695188392,-0.143957151981591,2.23538071962922,-1.39015606938915,-1.0625284808101,0.64973359315065,0.990839960062202,-2.19177709318219,2.04055155350502,-1.86013753025407,3.42184133132274,-0.122134330837598,-3.12489231125643,-0.405782835625348,0.364527535295022,1.14255381281352,2.63476692345869,-2.02719995851879,0.29749617771035,-0.605515367759052,0.804427945496707,0.567827285462641,0.726831102409512,0.528668573302054,1.65234392359109,-0.869786108530921,-0.998193651595846,-1.53847423120692,0.618755704618442,0.14543034633991,-0.812312572891995,-0.0732655971455339,0.47603276684835,-1.21598740707486
3.01268610482108,-1.16019339123753,-2.12031840125227,3.74683012253169,0.74307654869611,0.936646951642521,-4.14903042395989,2.05781377097938,0.35683620362022,1.35355706437434,0.381521245138591,0.904531014768313,0.194759737792637,3.07484773421378,0.165679723895929,2.47982778381691,-8.15083961229508,2.11304603527833,4.2624991487403,0.136569014013335,1.05011876305753,0.281240343845161,0.330588824954188,4.6605144572191,-1.978851565096,-3.14425279380478,-1.97589164195034,-1.09790553907976,-1.49943103863462,1.23379760881433,-0.402307411111854,0.354522650605903,-3.9949301903074,-1.63945507613134,0.142210563500192,1.53486894530546,1.9693698799018,0.822995310128392,-0.618233593359927,-3.13603951860315,-0.336791971922845,0.743883907867737,-0.913929417614788,-2.62934566750786,4.81128604684801,-1.60407063908756,-0.275284549563551,0.0285456203535184,-1.91762614983891,-2.9417018842234,2.38967866747993,-2.1987482186041,0.51399612934915,-2.99207207032722,1.80746091610612,-0.511620551733492,0.528452692833921,1.66660568379421,-1.29215251658869,-1.05514707188268
-4.51949033502916,-1.38354546835513,-0.516106458866668,-1.08562105795291,-0.716293069903005,0.407723034057345,1.11235385640149,-0.0346562459059883,0.865464460924908,2.94064200869076,1.2286642469596,1.3918764543347,0.858963172053139,-0.0265023335304237,-3.51829311005184,2.30311853085012,3.03986445367861,-2.9482895487427,1.27681373709642,-4.88778555677244,1.25649850638173,-3.20100978459813,-1.5360290783704,-1.91059720847018,1.17620203780562,1.73719427029771,-1.46231156529876,2.41896625039457,5.29312569061099,-4.85600385602183,-3.26441116678432,-0.893193083257198,3.87863716939157,-3.72629113839238,3.80331852294622,3.10722558333638,2.366897601839,4.32274822257996,2.53719455036762,-2.48111348815202,-0.445092525394095,4.34163023496002,2.97511834912005,-3.76965677660528,-3.62319461752468,-2.53476450619908,7.06217496976452,1.53323659908432,1.65590360388284,-1.53903729827676,-1.98163691077553,1.14453104564615,-7.05560774469429,-1.60792891205953,-1.51499765330371,2.96511669988989,-3.86541009158667,-1.91887068964441,0.686567829276937,-0.308019227388884
-1.36772578157634,-1.01280299759979,1.23332325683332,-3.54931738190661,-0.666828158942746,-2.64891386483841,-0.343496585898197,1.21626673965727,-0.100090974831959,0.439865378754183,0.904643285443638,-2.41665484437518,0.531123521510382,-0.0281055641719629,0.18869543503981,-0.934764290012382,0.474693658209857,2.39778032555709,-4.20302594565908,0.286978430606418,-5.61672586408593,0.561979237859643,3.16036432532353,-0.680466318146272,4.70030982384746,-0.0308789340585852,-2.76423579156331,-2.05692322430208,-1.24627036216835,-3.51776585544197,3.47388011263343,0.310416439171522,4.2917135636075,-2.6913341242737,-4.38151547671442,0.700498956842823,0.396494248558735,4.41357928139721,-1.11482492286559,0.426650111507589,1.11938212213165,5.2521691598309,5.53949140558145,2.01610658075507,-4.47379848920659,4.13086607857352,1.6807033593995,0.686208458508259,0.59790014411625,2.85669266410354,2.65136803605475,0.668628484837074,-5.05931547367939,3.93154120098827,2.32766783363217,2.80900889954438,-3.10581197257334,-0.736542739860872,4.19079689926199,0.414707150145517
-4.08951980028164,1.42509190672898,0.855232935172582,-3.18447776406523,-1.7948667537591,-1.72924819566003,1.73883578876927,-0.220298496278781,0.337882332116474,2.63843215037143,-0.139078747256942,-1.44117386639664,0.540680898670945,-0.973426357532364,-0.593737437638616,0.397647367345501,4.85235689739389,-2.69087366437386,-3.52603586632912,-1.41545753810553,0.578675681375831,-0.582422285302898,-1.50548074251297,-4.50071323980937,3.55287723617665,2.96193458512338,-1.2411086443053,-0.108028057079681,2.88809697563745,-2.7690007585669,-0.116342675022994,-0.575584602514514,4.38584985905673,-1.73157144972089,0.53516917299357,0.173783438677002,1.33795805738445,2.47255781616138,-0.26036356840987,2.09480150282231,0.239353153022814,2.52336846891417,3.33977251976725,-0.038901682084824,-4.30975967702794,1.88748440478534,3.01913711602034,0.393272607874705,1.91372140836527,1.72189266629225,-0.803372784532888,1.18991656338002,-2.67462882210903,0.412802700994865,-1.52689541809581,3.10689719454906,-3.26280383399726,-2.96725385909089,2.43694797288742,0.552314562648696
-1.34895745109432,-0.234884064529636,0.80033349764595,-5.76315583565636,-2.25106291388339,-0.0735089990542665,2.76830975210881,-3.13047240866917,1.01671258903144,-0.247503548636889,-1.91897170799661,-0.375338108368696,1.06594456558744,-2.62860814828685,1.05510506588058,-4.53613039239843,8.04304256918766,-3.21467548999708,-5.05613454152774,-2.57158163722535,-0.776441465894065,0.903306702457804,-0.880119845246113,-4.68664304508061,4.82329654409101,4.40138532784308,0.534047520497328,0.192640733540759,0.76213890124959,0.330922486883031,2.24919723543005,-1.2913597410821,3.54367593986097,2.47867442520788,-2.57555891288025,-1.82484625492681,-2.67483995658393,-2.37313133826274,0.486965137060587,3.77152006834518,-0.172103685194235,0.790048315742727,3.07958141581152,0.802432301574762,-4.88696961663828,0.478631685656891,0.272025927960945,-0.460875614229189,1.32157407828358,2.24054376721854,1.55707087997711,0.976376152058878,3.68604463745797,0.284900848560455,-4.58338220112912,3.14817994169218,-1.62734805039532,-2.69868397968652,3.43920900253013,1.87164061918998
-0.454109000959687,-2.22133253057297,-1.49513594810484,-1.31452257293746,-2.66812053692884,-2.3577391509823,-1.44511705240232,4.00768013532074,-0.00841529794172025,4.19419333785956,-1.05974947734518,-3.99994339338787,1.14149497016424,1.69742027749756,1.08646124036638,-4.02112119118056,-1.99826911638781,0.0916376124222609,-2.24326389363755,-0.285607070616116,-1.22650142432458,0.591995355829987,1.38520808167114,-1.28319150109882,5.05475430217439,-0.171013173156131,-3.74412928779771,-2.78918322101289,-0.198301198425082,0.0754690926263938,3.58610031279624,1.19918507205426,2.39193413938074,0.263682792345527,-1.75477251254149,-1.50229831192198,0.788384797587331,0.0166773866501422,-3.62666778831415,0.324368394684236,1.43523819912635,4.81591463554269,4.62474583886169,0.243301212688665,0.469767867235128,1.59755367886308,-1.71398231695736,0.797561459053969,-0.0789210905619531,2.09833360756673,6.30654197494723,-1.72137821766344,0.981933192210247,-1.83857497006105,1.57403470318843,2.28766540802156,-2.54255076406332,-0.915923910609028,2.89335469037132,0.815454885671682
-2.82456396467579,2.62934049982199,0.83326482944458,-0.0634923885683477,-0.954683142177692,-0.0908551082515085,1.89031482987641,-0.122840671228426,-1.18822806269378,1.39322665217442,-0.566645477914799,-0.0824247286999039,-0.684699602088164,-1.47863840270937,0.481535132841604,-0.722938529636914,4.15707333715876,-2.39243806591161,-0.407713904960835,0.0283757216376984,2.24480839982797,-0.792011115628087,-3.19117957177599,-3.29327496455318,0.565483014575076,1.63302142917053,0.81087794465258,0.527583496677205,1.43252672052278,-0.67665854556694,-3.38038636343149,-0.294389913271774,0.395508557596065,0.0803959649881495,2.77451971160497,-1.89465984186348,1.40883977692149,-0.915103280010471,-2.02210396448925,0.676330879958505,-1.06896649117095,-3.65741475848164,-1.66993177171764,0.4417616375677,-2.5835381736133,-0.571717442399768,1.58934699747501,-0.87913124666655,1.06694405859294,1.12808580815162,-3.48741190099317,0.0675391533511896,0.840197038746469,-0.34254420196285,-1.63434024266598,0.57400377293561,1.25519914134853,-1.07048237527104,0.209313948626509,-0.0398817560883264
-0.596862784230453,1.26872915950089,-0.110228914838938,5.08434363310787,1.08082041420704,2.60747385527356,0.12488145105688,-0.89640067905894,-0.987973503803538,1.2147426865013,-0.714597114898668,2.44919189493239,-1.51481484073015,0.516196031868273,-2.34869793587786,3.36204224260212,-1.09839914358175,-2.96198294955105,5.58875165384162,-1.41815934487408,4.93818614030073,-2.9436305909958,-5.56823665158444,0.838545915683963,-7.15858960608467,-0.527280887769262,1.76124191873942,2.29456870592339,2.23434419321365,1.82578277128204,-6.59466807614117,-0.76186539654056,-3.98403490502149,0.0481841001590522,8.2999655972222,2.02948336580186,2.50995649055785,-2.71288317251007,2.4670935864573,-2.2774454764063,-1.53319477514417,-5.61200462947318,-7.40386824253581,-3.37047069051629,4.22220449804776,-5.12127345588724,-0.121945194027891,0.068524612326883,-1.38423363731562,-3.55002395211626,-5.71383170780485,-0.555320603480975,3.11227022777246,-4.59097332938647,-2.49271013779864,-2.05640171857511,4.10392408101576,1.02945622882321,-5.4131284425198,-1.45108088600171
-0.753374668407296,-1.83105898929385,-2.2815544986908,1.06334935710791,-1.52993619773091,2.84154369930715,-1.77561380213626,0.541677234234984,1.59594317268119,1.87383236141896,-1.1699112823218,1.26087690234384,2.18782567243137,2.04430041388666,-2.23115662368914,0.419303496214501,-1.89334369580342,-1.45231057796526,2.78823180818485,-2.47875973320834,4.61411506696264,-3.47359643927511,-3.02749098550813,1.35177649511403,-2.49013154246778,-0.315834670872424,-1.33844862215632,2.47365580870501,3.1926813900501,1.3967939536684,-0.916058531373537,-1.37229902864496,-2.23795844495857,-0.140843815578487,4.671510373995,2.84382367363471,1.57016717204201,-2.33897944713756,1.40984324017047,-2.05933373316909,0.157064344619164,2.67051691326807,-0.910445286448142,-3.46240753133057,3.3298491673749,-5.19108081538216,0.958645160635548,1.50022532804681,-1.38208483081915,-2.51017570276312,1.50563479275007,-1.00331998285646,2.75748956131844,-6.88565110182429,-2.77445204661601,1.55764590257251,-1.12127702720203,-1.20938672195129,-2.18761653235972,1.17909215376606
-0.283706099325397,-1.8452421768857,-1.70475383340584,-1.18673099722971,-2.22164918138484,0.87709464978125,-0.28226836275495,0.886657406250073,0.993629411085755,1.44767698080386,-2.2249059423242,0.533366743317687,1.26556469152248,-0.0451412251556439,-0.108668136342322,-3.85336315194351,1.09945182303808,-2.41828780241049,-2.14216116610669,-0.395493140031833,1.42432953760655,-2.28001454862482,-2.46208595398031,-1.23221458577694,1.98097019037606,0.77147848295103,-0.770360812223271,1.21545952582141,0.857109345403572,1.59226697577231,2.095098366909,-0.597663548054818,-0.980751805018931,3.14807130493036,0.810916087249713,-1.21950860116594,0.631611796284728,-6.03903930865096,-2.68630029847286,0.655349585380351,-0.549706733236115,0.208838522841938,0.509291195334043,-0.447025626178762,2.08189315345111,-2.77214068145657,-2.44290823433711,0.13875083106224,0.609029407436509,0.896228826276887,1.62585945276428,-1.08435683432738,4.26837235302883,-4.02497373459122,-1.44029704671078,-0.261149219805806,0.228172499540604,-1.285910856306,1.05956649875041,1.46119562303083
-3.736773299484,0.738714377025818,1.61053278935864,-0.261624656020803,0.56426214405054,0.0930671092680559,0.194001468490613,1.50907066983662,-0.683672533665242,0.909157052621744,1.43872241599363,-0.722342734017861,-1.80902737398475,0.987816295232078,-2.3439778498251,3.62548489891345,1.13922722676845,-0.513371222385619,0.138423080968764,0.846752794566868,-0.885713935517651,-1.16299691651618,-0.72233019426481,-0.628870385378975,0.608538438312217,-1.51523040090945,-1.80687469080104,0.204597029467192,1.27268256698495,-5.47802024101217,-3.72735741328987,1.12099484184593,2.54502030578361,-3.72391370784892,2.82874671012855,0.434896895929124,1.47686220850956,5.36674763982294,0.784439236029382,-2.48358184738314,-0.277725245555576,0.534095426632169,1.33817373256447,-0.0621975120392687,-2.44412759157127,1.30656035599134,3.90108247547828,1.03475281273183,1.45232310733737,-0.90634414255238,-2.99718098870595,0.987760739227543,-7.27313600996244,2.01110835039206,2.4669757100515,0.993313083663167,-1.96130960419774,0.420461205667854,-1.33075549662822,-1.20159212215424
1.2042806763478,0.666222431166323,1.38820526123768,-0.145761632856017,1.75733463571202,-1.36896061188588,-1.44946512157698,0.555498281253209,-1.12004160295102,-0.862704014580642,1.5592879477995,-2.17720842291916,-2.16108311179771,-0.452878376476723,0.721409946145253,1.56252443210307,-2.42910722244872,2.72513879402659,-1.59937773972367,3.23689931014172,-4.6862010666139,2.33657843670638,3.86851839083637,2.15802162354707,0.659528209187456,-1.37194018800918,-1.10007697704868,-2.05218821308765,-2.99316609321196,-2.18465158879761,0.273173371372321,1.30985142164226,0.987789669914923,-2.22466946363888,-2.80912040258969,-0.295093853392645,0.0655213710784583,5.28836391524086,0.107507183551547,-0.333599410682381,-0.656050021797103,1.27621119729035,2.50524726411139,1.96767975779335,-1.86677227619629,3.07898695954953,0.177233706137452,-1.13287255434562,0.210956914382203,0.378821179826252,0.226784580738208,1.81347181613501,-3.50313833349641,3.45862620561592,3.80955774611661,-0.0402764246121287,-1.22750138300564,1.47249330239208,0.779727298717672,-1.77527842578473
3.68474857549484,-1.41168155768897,0.467631182592494,-3.91619185765386,0.916714557143764,2.52769851150992,1.84255570748249,-5.10505007519328,1.76585246446439,-5.72288580405199,-0.175458738367423,3.46716798959056,0.663390312256491,-3.12136156356449,3.0826024757669,-2.30610448805496,2.82267470642959,1.97978078454096,-0.826659874505663,-2.10323563949726,-0.985208841063663,1.49083133478479,2.30880931567506,0.193334450296855,-0.398264683235705,1.86635285799695,4.65910221811002,0.745101439958118,-2.31176769316203,2.78935982070941,1.72225737521459,-1.62851100775238,-1.71680024006637,4.22145289737681,-4.86109274882156,0.462969675899069,-4.99373556366846,-3.09894523195179,5.11509902620727,1.42262748544769,-0.453285632249441,0.0426024626963133,-1.21773854132308,2.18091294779026,-1.51390630381638,0.129584480911564,-1.67075838231578,0.268280348937295,-0.497613990899741,-0.263901553897866,-0.409503575694877,2.1224161767455,5.85610732332932,0.285127180887603,-3.42754286531609,-0.187032460966779,-0.404364821971635,-0.997247550543078,-0.520028194950407,1.17230950425779
0.541987238760681,-3.27476934859977,-1.581483302013,-5.27964872870634,-1.34452505945797,1.84507494485308,2.2752708208731,-2.50460405640237,2.29963904671908,-1.5809750169541,-1.71336916393258,2.73530729663906,4.88921561208261,-1.71683590382238,0.10789491282492,-2.94165709278736,2.87549879230494,-2.26772475045393,-2.25120952123344,-6.48299831453284,1.306340448522,-0.616077762640237,0.554396641906231,-1.77249947022272,3.95346198960208,4.48197342760939,0.853565693537387,1.5209465431697,2.72662440876583,1.24055816107796,3.32793859993465,-2.46750360474251,1.34549335371573,1.77017646204196,-2.17674884030528,0.335947648061037,-2.33622498944343,-3.15492623177756,3.09290622248099,1.04381525233363,0.912831512126866,5.16553008659251,4.07093270343959,-0.823647361260759,-1.24091528204538,-2.05711958447368,1.3177567616371,2.03491505916527,-1.2843998734079,-0.596404319398261,3.22828509444509,0.817642106184936,3.07378456201004,-4.08486655652257,-4.30665376691109,2.36940123240803,-3.73861491803436,-2.91249232755362,1.6076956370331,3.34050272918172
2.28821040727651,-0.154065237406643,0.668425260523347,-0.779327288223505,3.07723808109662,0.00686773285920717,-0.436286656786683,-0.517814938196015,-0.0646522733919728,-4.00402931165035,2.13963281634306,-0.430271636072153,0.424629952185298,-0.56674033705436,1.76742690161338,2.5306207611628,-4.04295580866633,5.31817297732947,-0.654463118329524,2.63233721915462,-3.21163332873915,3.31871895900724,5.82729792030139,4.13626982734768,-1.40313944337245,-1.57532628239576,0.590259130123471,-0.744545385761797,-4.55450316020017,0.502082957529761,1.97291609196756,0.750034926908786,0.121576591959061,-0.864609236392127,-4.50623461405532,0.221356480240949,-2.25851448128088,5.7200815155187,2.61940530211099,-1.42224518935146,1.18211452596396,1.16166374862446,0.315491558709149,2.72042790680942,-1.03624648039582,2.94192104085942,0.290587228754195,-0.309616320880087,-2.23576029837396,-0.698304346081495,0.927998930228105,0.604946945480416,-2.83291833400296,3.6834356970879,3.15848224840166,-0.477191948066979,-1.67917610748436,0.857821569324324,-0.486144757250342,-1.66089504809676
-0.99535462810668,-1.73961173080656,-1.21676426585974,-1.74388119739724,0.417664914287691,0.969966541281854,-2.41623937108211,1.22767685170342,1.16704011424099,0.322885687695499,2.6703896208482,-0.87892723643934,2.944932481424,1.86610714370881,-2.0533084423418,1.70522735759732,-4.84556233360588,1.89847878323772,0.194292542300648,-3.06516822076149,-0.222070503508053,0.684129705434861,2.77946804928693,0.776311045866714,2.7176677574106,-0.671090710269051,-4.3781181203297,-0.629449431656358,2.39210756775612,-2.05070313509433,2.47550582930553,0.202465964542737,2.73140295084825,-3.57413768416595,-0.371765035575513,2.11708981360721,0.902617914237033,6.74016243145459,2.54064417583326,-2.11453397148316,2.28870306256838,8.67258562914364,6.11068930828041,-2.15532990000287,-1.07903005230306,0.36015088815836,2.86249037666812,2.37158802569541,-1.01935060771746,-0.84071930433322,4.5141254457142,0.442412959097599,-5.49039691459382,-1.59979135938639,1.98951901521075,3.85667832836479,-4.6530149766891,-1.13442851175623,0.200817076300462,1.05566611754418
-0.074515006034046,0.559661355810828,1.68497026863033,2.1061754997091,1.60903997347648,-0.0311621722393256,-1.10245145513554,1.78369661126246,-1.52527293163591,-0.77139345716453,0.0941861515865517,-2.28813573684577,-2.24647316657222,0.397145099243312,0.781772154834362,2.12145266822571,-3.60590312983696,2.56318109050014,-0.26606803761938,4.85957065083687,-2.67012177837339,1.66651717163287,2.26941379352385,2.02957259791562,-1.4265101557337,-2.93558887874975,-1.3722309982856,-1.77206277114918,-3.83990485691404,0.526714412071396,-1.58708487686206,1.72302938777479,-1.12316410780458,-0.629068022628545,0.365079469860662,-0.529659332954456,1.03052826425296,2.10499788448567,-2.35652489159316,0.534207039945727,-0.707176571350487,-2.69346058094081,-1.63319014863126,2.13162074727401,1.27449693760488,3.26511352423096,-2.27161587731883,-1.2459729377429,-0.450665025454097,0.321030126633946,-2.05072959120024,-1.40438145749625,-2.2533036412936,3.46031404675379,3.55758229254709,-2.30280001411826,1.61193711848476,2.48710125571507,0.349251386796758,-2.53046592596491
2.70237521286476,1.60602955417485,2.43430726086528,-0.552802519256068,5.81965537954746,0.515929261693915,-0.0469733607780272,-5.55926326603081,-0.0541065043102785,-7.2919659298084,2.95065262338363,1.81535717338917,-1.7654932936257,-2.91293352421924,0.721828106491205,4.5158038457431,-1.4433393718241,5.41891572235291,0.36794474224163,1.69852200632686,-3.69065386405143,4.03695112680335,5.25686488070145,5.39124686947121,-4.43111082882423,-1.37829891643162,4.33143450732345,-0.787130490907032,-2.89677322260386,-1.07582039563807,-0.259754635478746,-0.613538317457857,-1.88800704053159,-0.873035101476103,-3.71145059090458,2.20920640049813,-4.42073063622333,6.3411187678098,6.44996327189606,-0.681413410768514,-0.0889879565558733,-1.3834978675898,-3.12648547362601,3.02409407293344,-2.04250654719667,3.8957375103879,1.77565757692835,-2.08601489967516,-1.34035631537975,-1.86864481014578,-3.95234380159773,2.26278635886261,-3.79029756784799,6.53295257615768,1.9427923224155,-0.313635891619336,-0.850977025062313,0.794287493988532,-0.865567394501778,-1.46091215375799
-0.403089009438635,2.09277423523771,1.59035675884838,1.56991095390293,2.02437369899272,-0.847683804033651,0.513489312443114,-1.71647611152644,-1.33784890872955,-1.52779519968646,3.10391888338166,2.08680637432503,-2.26860630612234,-0.537321390598822,-1.70535695306534,5.96461997795049,0.495138245198042,0.531735373966857,1.49404605102305,2.37589328883373,-2.29318271536865,1.65775486812555,2.23616367782824,2.79853340694439,-2.7694733759492,-1.86515542056183,1.61342715061574,0.238059576935965,-0.885189090592925,-3.51395470363865,-4.61038329178126,1.00902903982862,-0.721817111013573,-3.87390190257229,1.33568571795653,1.79936142618063,0.18334813678653,7.1976746668657,3.47588750137685,-1.77972507041609,-1.38199519355632,-1.57394372309617,-1.88900183095186,1.7834811829777,-2.62000143625283,2.35805401881504,2.7652012802215,-0.929970527387418,-0.0544530991586153,-2.30270039860984,-5.89810780087213,1.43412957670691,-5.39121017574931,4.86942650310182,3.10749009405119,-0.605543267079425,-0.678137751697718,1.40343711160198,-2.0514083201827,-2.42590402232515
-4.3098808990352,-0.863694059069089,0.794191740221699,-0.707137194972931,2.2763684253499,0.664446507234061,1.02780726097872,-1.70349545998718,0.643382732481991,0.857286131104519,3.6352945784369,3.00281423995582,2.14648252511988,1.07369517674292,-3.58888186677997,4.12724752104233,1.32510711230778,-2.49261730583417,3.23736904352404,-5.25361703654325,2.93799241800369,-3.07530084888173,-1.65906251182603,-0.315842410782039,-0.430740725940369,1.57414806706528,0.388630571894469,3.23272373844496,5.13862644762752,-3.25493379433365,-5.26523695202988,-1.38876262516724,0.479319532757479,-3.69945562681924,4.68932058747987,3.8356663639732,1.25242458602952,4.69335933125934,5.81452869181036,-2.4007668304414,-0.590438043843148,2.97299350990685,0.0803273201980289,-3.27676027802534,-2.51505590646797,-1.15770857726324,5.75828309520193,2.01096062140963,0.371315792720805,-4.66862697296397,-3.95108340291967,1.75399800084608,-6.39226524405056,-1.59154063586485,-1.58489977391012,0.899978556910046,-3.07378377540792,-0.863031793074129,-3.13945261774878,-0.0492263377592135
1.19444607501485,-0.0407163806629401,0.0102451232165969,1.20169965416187,2.81257733345413,2.18982664767935,0.0605619572848171,-3.06868322425709,1.7376265330424,-2.37346186576349,1.47229008093135,2.38579294119506,-0.0492700917806699,-0.937857765634915,0.743292061162766,1.45568481055812,-1.696581945854,0.89512857723356,3.02042899850095,-0.729026316906249,-0.371717195032524,0.1521096395127,0.947856973803951,2.87367086170364,-4.25090695980107,0.740262657474366,3.1721070169847,1.25642034061887,-0.589653117202048,1.84136889178048,-1.35894898212045,-1.07348121873244,-3.20749993714238,1.29756726279888,0.596249511279639,1.42374614677375,-1.21191118614717,0.226447355906114,3.81573531963685,-0.893276370085148,0.76038948445766,-1.31869640583095,-4.39514036394651,0.390176507750731,1.0657738625646,-0.241745408700794,1.04438844550527,-0.00938522078754478,-1.56839645845868,-2.59996546914652,-2.47267772017514,0.479552341819428,0.819926043881968,-0.226485785536118,-0.270727253204285,-0.649533824864773,0.025478047886779,0.81680613381807,-1.84739478367614,-0.437518021225254
3.20189286543952,-2.88954479327059,-0.641167338888636,-4.22190662227599,1.68289909937755,-1.17255696907566,-1.44886784914613,-0.229807072492492,1.7342928017987,-3.64005109882126,2.31688898295475,-0.868858996625857,2.77671351717297,-0.880225049032906,3.31578013359613,-3.43930967687444,-3.34419248667239,6.04108141718334,-2.66480221784198,0.538144243831383,-5.61488552267223,3.74447817314935,6.95054030187648,2.52179839738013,4.22324650813566,-0.924404133101955,-0.665206327118035,-1.8584654852903,-3.89539837751695,1.03122685929978,8.1605623115993,-0.703784344155734,1.32625451997754,0.33305622180938,-7.4892551983149,0.039909537692446,-2.45891784269716,2.87153605391464,0.278041016411057,1.19784628111709,2.82723196185495,7.1695330991226,5.58407646109242,3.79078641148058,-0.991201973849881,4.58881025264838,-2.57617446501402,1.02973568401398,-1.03285922202023,1.49150635887531,6.72217561633571,-0.769426364441371,-1.13409239252502,0.48405115660557,2.26737915720819,4.13232765829369,-4.1000295727143,-1.47210971224215,4.38723512552645,1.03342235516244
-0.693543557292031,0.331911506946365,0.36421531184522,-4.34555694080561,-2.84367451206391,-0.343154084454141,2.16559371369603,0.537507802287065,-0.755279087382959,1.1437983753754,-2.04854394683611,-1.78833733390896,1.76073704943852,-1.20131034213752,1.77885310396446,-5.98100411840208,6.67090987461031,-2.14944603188328,-5.55515565506487,1.78599945531854,-0.442431467847006,-0.743796703321373,-0.708586152022109,-3.95731439368598,5.58242053343275,3.21063599775258,-0.295277606308877,0.327933151523063,0.576384301126228,0.73405677554,4.0739510863215,0.252805401303376,3.11868925706305,2.13436564139488,-2.87578062565483,-2.57399272066786,0.473238452670179,-4.48225964412198,-4.72175611467507,3.84568115183765,1.158875539474,-0.332256989664317,3.87120395837028,2.04002787043144,-2.6091769744097,1.21353521441413,-2.2247432872786,-0.320755656708482,0.837340423611216,2.99220606347787,2.33323725096312,0.0235306274804345,3.7367808575138,-0.383463341708518,-1.25528299164483,1.23090066861361,-0.586642144030232,-1.40439424551292,4.32897284770365,1.80587845809134
-7.58208245341994,3.03713557124028,2.12569855993778,4.24616267238867,-4.24530526799448,-2.78816124545776,-0.0517049542257468,5.28975470401364,-2.39136747990765,7.837013150438,0.335132055076694,-4.80076451146496,-3.56995675737315,2.331589365124,-3.15065394390685,2.30646070174106,3.57564312537535,-5.68436849387928,-1.40984355874407,2.91443779394995,1.75937553479599,-4.51132491586673,-4.67888911964668,-4.71018322297892,2.10313828015519,-0.956843450887579,-4.45283196316563,0.620595184995398,3.81288707796121,-5.05901879582031,-7.09926231427441,4.13287162344574,3.2813295182197,-3.57406070901876,6.225550442555,-0.583048997553811,6.37425201530713,2.10441437006134,-7.7026605438948,-0.0659109580833839,-0.755386493757927,-3.91623932882406,0.552826742362614,-0.524154821986051,-1.0108596292825,1.00679290855325,1.26167894213319,-0.989885237573891,3.82411073211527,1.69257850779421,-5.57594099492437,-0.80465404722671,-6.44442007361945,0.390016293743209,2.89608668908592,-0.313109684208727,1.13692072213472,1.5966305968391,-0.141281220304512,-3.01202145270011
0.534521166026133,-1.54386053469279,-0.393687935618694,-0.0827794516476162,-0.172312539385572,-0.468030994901018,-2.79526386950131,1.29865406046486,0.76046564734841,1.25204548295088,-0.748405577348856,0.77786903539769,1.70225548452737,1.3031599723316,-0.484208218192614,-1.12212231833254,-0.591110899901814,-0.284022883199792,1.01317384949142,-1.59619155285475,0.45122643500617,-0.744977070952516,-1.6247966896359,-0.295276853092972,-0.0474088726513109,-0.304230597649036,-0.721344504127972,-0.0541948412595448,1.325509109508,1.935751287796,0.793975364638531,-0.793406244515572,-1.3251833394522,1.12433139759754,0.621184319491227,0.556170761950319,0.352757675544402,-3.82033920483543,-1.13042055288689,0.0123815290571596,1.52301917494047,2.62067404354941,0.097969443443243,-1.93730193729819,2.15417616014249,-2.15283489627485,-1.06437185439606,2.00534910118196,-0.114156962659423,-0.589761840841754,3.6242861689662,-1.16396074735023,1.48951551046966,-4.54831598088481,-1.5578435410342,0.633615396355411,-1.04784893715218,0.793314693389019,-1.0170762413268,1.41902059197155
0.0581448735622276,-2.95103902751344,-2.412378700056,1.250563571981,-2.38755857091586,-0.634784672199281,-3.90378766485798,3.08780563498966,1.48729709521573,4.28058662354812,-1.12988856463814,-0.659616226435618,3.04816483964438,3.2124863294134,-1.76850635618285,-1.78134183040106,-3.80740576234909,-1.03388389002242,2.96269158713792,-3.08516534887582,0.868186355064187,-2.10142052557777,-1.72222166171129,0.105770211788066,1.85780084893373,-0.9199642188294,-3.59391755572954,-0.709285517445627,2.83223738426665,1.46250079865719,1.6944658160372,-0.496714256732124,-1.10566747976153,-0.125037287241318,2.42252010783879,1.00107501995104,1.47737586419407,-3.63858027277199,-1.38057241722367,-1.68700282941197,0.900365881783127,5.2714841524495,1.05920501731133,-3.62923159303337,5.3742477204145,-3.10201894386705,-0.848107240563562,2.28275742532411,-1.05131746815359,-0.293943480687796,5.97095235471336,-2.68643852200924,1.08014683054458,-6.76342387210521,-0.83926612544641,2.27671480932897,-1.86417039644008,-1.04518706095071,-0.925536278754707,1.18242790840257
-0.348156201973075,-0.0584520208530667,-1.33828654418442,0.96562467291509,-0.438052132645695,-2.74767409798405,-1.63563585246976,2.33042434357516,-0.374498174440624,1.81248196007013,-0.733279531650786,-2.43243228116468,0.345393028637903,0.712455481900084,-0.0897092034527401,-1.3079640974215,-0.849395329729756,0.454462578545292,-2.60361784687777,0.881046152257988,-1.7180395661718,1.4412074207593,1.22101164046924,-0.731766679546961,3.09606919583015,-0.537938850296984,-1.03117048992436,-0.914376464404139,-1.92560052714956,0.186450025111956,2.97958371071002,1.15155321800729,1.09408087000526,0.223445605201972,-1.96133167646752,-1.43780795119594,0.70808869123476,-0.622044248830307,-3.92846084443249,-0.609558393034239,1.32753860867735,2.43408577841601,1.50216090128027,0.773475274523511,0.12248730118829,1.14719722316117,-1.78308857031286,0.508489690613266,0.831955393477559,1.49653493667906,3.09111920739822,-1.39674005964092,-0.279535606270927,1.02358138474456,2.07774722425977,0.973735930248526,-0.347491867371491,-0.219632632447827,2.0896443441104,0.419513198844924
2.75568072950459,-0.458605302343903,-1.87945749720803,3.66061564103391,0.738562808815452,0.265177829883613,-3.02069099399944,2.78009543133129,-0.217034015249875,0.292507186968274,-1.14183593818532,-0.661093237580042,0.317477139734744,1.42536573590069,0.864052504160599,-0.568529776932589,-7.18480450611711,2.16414609385526,2.51679576308422,0.0574743820977436,0.820333775294151,-1.54457406715287,0.545131886395588,3.15334027810478,-2.82186980921955,-2.60415652172071,-1.6515398897832,-0.79867267938907,-0.0832440884981531,4.11410978398742,0.989620596443957,0.171195394842271,-3.60088531380084,0.401915435495282,1.06743858784441,0.459992537533439,1.6336912889546,-4.13858395686682,-2.53792484978366,-1.6579374851696,-0.427743054114048,0.432823168728374,-1.62920780488323,-1.27671376771066,6.7223064872763,-2.5058417567097,-4.98898439104686,1.05775615776781,-1.82002345956834,-1.10635227498448,3.51991529242495,-2.58510936236291,2.97326426441264,-4.03693588102419,0.857882728349363,-0.592270978161669,1.08948076282139,1.32393400518573,-1.49268182749618,-0.975985712008479
2.18756693296683,-1.54831891798504,-0.070259977047425,1.46710411433488,2.64003452894657,0.452992093077429,-1.18684028275408,0.381725518685225,1.64804343570584,-0.655962697179523,0.630287996052303,1.55370636551913,1.10293237849476,0.585014762650809,0.0125285131189581,1.42840521566901,-5.81084485983472,3.83345082279103,3.71018951367852,-1.56929564121852,1.71426175154891,-0.639876376581276,1.32710569022216,3.66474889869567,-3.83208519475045,-1.59655217130381,0.584588995069352,0.826075090813482,-0.371241026610195,2.55751676689144,0.76518622886648,-1.07295060964312,-3.41083966889706,-0.565505660092625,-0.161186337186187,1.54626888794095,-0.832525284075778,-0.116137262006801,2.78561248791322,-2.39605782303332,-0.900255341692102,2.7329925940548,-1.47787706792493,-1.70327698729856,3.91955309271612,-1.5261952552482,-0.413416253925363,1.77561161562177,-1.54258567546392,-2.61203342817353,2.55640013119774,-0.678243075431264,-0.670078069498677,-2.83900466125312,0.185521861927041,0.903257961756959,-1.0819395533167,0.748586953372307,-2.56397343890838,-0.889962203845544
-0.394663743852892,-0.26846450772051,-0.255171661798787,3.33165338510107,-0.838184773024013,-1.33396333581595,-3.14484789123456,3.68409613648292,0.257333614169472,3.91775893769737,0.92990304012148,-1.21646671064592,0.334843230527905,2.93307327566945,-1.53701938723297,1.50420345521793,-4.50236431087281,0.226959734074271,3.3206103615194,-0.597985829768748,1.7928516277198,-2.50746565461636,-1.53470523772466,1.16365689634087,-1.46021076117111,-2.25252361575498,-2.25208705760536,0.634034917246758,2.66485806503978,-0.53374788854013,-1.89819726755475,0.913655914147928,-1.50957200342143,-1.1635396947307,3.01307695864209,2.38330989371678,2.69490324196063,1.09236881920187,-2.13162938397204,-3.36135310623799,0.278851231331846,2.07634746393681,-0.398489375071015,-3.2293030482284,3.51743239123894,-2.22352297842143,0.0174833470542213,1.60309862004589,0.457312158747958,-0.835573585999863,1.6972870275951,-2.12020060861399,-1.97347088590258,-2.93222198853105,1.60459007914901,0.953435699035396,0.933528657477799,-0.234004351740155,-0.582965163461665,-1.36415293538685
2.68058473301996,-1.66237950927378,-0.868490214150076,1.97391469512866,1.46009554281442,0.0485194208347624,-2.70801652859771,-0.41645464340438,1.01648442003857,-0.856223498132507,1.12365027514255,1.33806435933684,0.898311810116582,1.23691479414611,-0.133122951755218,0.449854239785265,-5.82793673278788,2.61347315040576,3.8606582745228,-1.26797584046862,0.436084708671992,0.582659267666951,1.09589254302974,4.54760999452772,-2.50837104622975,-1.67761340659937,-0.170557544416297,0.41733112287725,0.015876620912878,2.59688485066006,0.927467617865031,-0.435657971053852,-3.22102935120011,-0.18888168633099,-0.653165276138807,2.73455428055683,-1.19334866339289,-0.502084740446486,1.98167788406691,-2.88186001523496,1.20137293164241,3.5319697907746,-0.947090130699357,-2.10820655258532,4.33994996865543,-2.04213664486829,-1.22677490946386,1.06556231766111,-2.5937027497149,-1.90530724962447,2.47926628977279,-1.32556543225297,1.07310364277504,-2.7964014225142,0.155536697825793,-0.0705723064639004,-0.883596504771797,-0.230810493219307,-1.55156739925796,0.530954488599165
5.30860618460031,0.929834722709619,0.697403479809811,0.999963566778661,3.4334693050874,0.334441055784747,0.492278957169067,-4.13738817927814,1.56978060426858,-7.1747119289824,-0.172412753805637,1.6945279371993,-1.95059106544169,-1.93902581823404,3.20534875968638,1.0420363093633,-2.8376723260363,5.52234207293509,0.155584233014578,3.1358480778171,-2.73638176690464,5.29756302323727,4.85220042154398,4.89256832150893,-4.95945787979495,-1.26114172599318,4.81703747345597,-0.9859580553545,-4.8562226762507,2.94050839119956,2.76402035350114,-0.810044064384274,-3.6539859571612,2.34397373883286,-5.06453921399893,0.635040403039038,-5.77221968058454,0.622873598392616,3.44086437917357,-0.41712550959952,1.70649548739905,-0.151991051335547,-4.2964360079403,3.08684138026861,0.742756444011583,1.9667823147811,-2.68205506546496,-1.08267018429746,-2.53672218704635,-0.418869917509486,-1.73930603093336,1.50733989889945,2.58223273020141,3.70316630088157,1.35831364424073,-1.8878991202232,1.66778997037914,0.995679465888094,-1.09123204388925,-0.0753380371239588
0.0298873522004658,-0.502587116999492,-1.16586113675005,-0.821105992779713,-2.55374641763169,-0.222251864900153,-0.311788838720642,1.65574825589543,-0.342545054989658,1.52552391615802,-2.94878409521998,-1.56150203538296,0.827586985113271,0.131119160461756,0.771781965057222,-3.24923590579104,2.20412351944442,-1.04429217120667,-1.60624703829116,1.63435233264847,0.919020142862443,0.184066847148805,-1.23998663338567,-1.97237546097618,2.55474587729969,0.543895776111816,0.0883779824918907,-0.963240091299838,1.50260149589576,1.25122060028058,1.1274289730225,0.184265969685392,-0.128447578594727,0.638053344385348,-0.881523319364286,-1.96615088742328,0.170206321801179,-3.74121207981889,-4.03093155857735,1.33360692324093,1.05360461134476,-0.0641297726242689,1.53608971049615,-0.479535807859416,0.506431783273506,0.24637130321007,-2.43296798549625,-0.634045139803275,-0.771172212593056,2.61773294850399,1.88537602679902,0.0878743877209409,4.23405060341203,-1.60398441342002,-0.367284954554519,0.962303309698286,1.25853266814167,-0.561234007955241,1.17640067285261,1.78375852176154
4.36260811912898,-4.10311454750391,-2.49697324830812,-5.46210950198064,1.29656626077069,1.62854862701782,-0.206862201966686,-1.95310426623854,2.8576133478626,-4.29575999176627,-1.24389601663777,1.66638521182766,3.86613310961166,-0.579859249367904,1.25995598821067,-4.74315326593213,-0.57651109935391,4.05581803482889,-2.05977485488748,-4.45005896905694,-1.6798088655368,2.97630970039171,4.36051103350717,0.594607901840958,3.76240096435121,2.54786074430456,-0.451241064839195,-0.795666258168926,-0.897576815734915,2.62513036330971,7.49128479278028,-1.77903985504195,0.301219639143518,2.23111248563411,-6.57997990399156,1.12151713105133,-4.54510595767369,-1.34266863889537,3.75342703786894,1.76955345134577,4.02729965947841,9.31409036880148,4.32158675706276,0.504896071189589,-1.35464116250361,0.317258456851972,-1.91211499831829,2.26309650089132,-2.2310147954833,-0.248655846407323,9.56502302440191,0.860055494668774,3.04879846136891,-2.38930422285908,-2.83543388928083,3.8308734162027,-4.93488760873219,-1.95745216320711,2.53223587278903,4.78662922658594
2.34465661136695,0.554130778111598,1.34710802490809,-3.90446137402855,1.63099304085688,-1.69822321876325,2.35276913986448,-1.36794865983736,0.623394828378782,-3.47457467010907,1.23200421351809,-1.28954386635297,-1.22233418192727,-2.49205071526952,3.2398797568808,-0.929304511003409,0.908000925735578,2.77239810654615,-5.61642758568803,1.78202543595484,-4.82882547566472,5.03415638240602,6.41561167135606,-0.237227402866011,5.09401355377074,0.422959843220061,0.861762684897686,-2.66415219255901,-4.00318403501849,-1.67576939524916,6.14954468549709,-0.0735069364575286,2.87239094419181,-1.11671043575646,-7.84448531036053,-0.590367936510705,-3.92950970324015,4.56828706471827,1.43919007369809,3.36391122862326,1.78671411216561,3.19891059528199,3.95785663472476,4.78751310594706,-5.48817287744321,6.06323584809931,0.348126154200099,-1.44578734927003,0.673007429549328,2.76943936612545,1.7685589666741,1.89722688922518,-1.81241439258745,6.5074476077856,3.03837497742892,2.09934136607252,-3.27998056405452,-1.89058664805031,4.07647944514897,0.581289710384908
-1.20745287204725,1.95960330689191,0.140326825614404,-2.50748757744642,-1.33582235633995,-2.27137339560812,1.66400516583949,-0.897502160683619,-1.41163321966237,-0.878804322875118,0.876207932224603,-1.52733987409458,-1.38523022734747,-2.15482621156148,0.547412687752166,-2.21761490711558,2.79040720714057,-0.00132895462482147,-4.74492581312277,1.01935539329371,-2.66937856826909,1.40723863931339,1.62049018918106,-2.74732830466501,4.07170560748252,1.94617230387363,-1.90693056141268,-0.183214641606761,-2.07097240974876,-1.50420066498055,2.15933811222611,1.03540982706806,3.17258433367726,0.115158887193489,-3.20318219107079,-2.61816162500661,-0.80365395415946,2.87232776792378,-0.181820932342093,1.42015157435628,0.628582211275492,0.000559364785678973,2.86412798086841,2.06952850049666,-4.72234216363623,2.97781467757235,1.63011721886216,-0.879978035573058,2.43623922966502,2.1388764961208,-1.10017583522835,0.73713121930254,-3.23921958438096,3.89304881730132,0.777962062834508,0.446908047416659,-0.949900107634007,-0.715713578471945,2.36165054773526,-0.558091935192804
-0.937604502631293,3.19878832358027,1.01147813485166,4.03144813424026,0.698987924645792,-1.44846887048722,0.620683590501742,1.20191743281081,-2.55072427449786,1.42825494373109,0.116365100520207,-0.579432475296591,-4.72924146105926,-0.77355474515496,-0.651906053884408,2.38861685203713,-0.342975846347533,-0.97495629640168,1.605001160947,4.46247710338737,1.02742527305865,-0.866353568900267,-3.51048008515454,-0.19806669515168,-4.03476130277426,-2.19332681202591,0.695952954022435,-0.631706680419283,-1.82584513390836,0.168683989080708,-5.00792552986447,2.353126673276,-1.21211012180069,0.135865662204829,3.87069763472982,-0.712487097200422,2.3373718021862,-1.21851061125542,-3.09438237519408,-0.748599012562376,-2.62196384778368,-7.32053514388077,-4.85786240034234,0.777176382844499,1.68764451446412,-0.757143916308832,-2.45569274794813,-2.26890618803738,-0.0231589697274198,0.149166742864043,-5.80085500831848,-0.95445786055338,-0.230081014166289,1.37243148273717,1.40777454410854,-4.07346345183082,4.86803976590408,3.17964297929055,-2.07301733580544,-2.67113739359345
0.715868361492513,0.592830116837904,0.243785446310849,-0.356800450399327,0.583292322899045,-0.822902749148048,-0.317861075717822,0.228926238241111,-0.137875500110423,-1.54041821612796,0.465481304733714,-1.05841838494254,-0.173670290275069,-0.130617987053799,1.80147642178501,-0.677054778791549,0.612085464390875,1.1869260109272,0.187817282058371,2.00627008400121,-1.1768491136871,1.28927680605982,0.729215102180315,0.151884213974022,-1.49553448820579,-0.31035329059561,1.42530230386697,-1.31227741392203,-1.81733402079991,0.398165273072278,0.173765827729434,0.0801138590346399,-0.480015369456727,0.728780709915308,-0.967147174335794,0.354076580647129,-0.0188151866180697,0.0397372232380691,-1.78046515874159,0.111913630740849,-0.964511387159324,-1.62868416525349,-1.17624845440621,1.43179627573959,-0.566661071532536,1.75822328472289,-1.14698472089688,-1.9236819446438,-0.0310789523488489,0.51529267406628,-1.18563428859981,0.316970987733175,-0.104339105764111,1.70928767565164,0.339934386558678,-1.12842419846665,1.65737550759231,2.02720403337854,-0.581022199119703,0.491344147777846
-2.34617588203687,0.822411411410016,1.68206754982513,-2.43892844949617,-1.23958234646602,-0.959401635780975,3.89618145870352,-2.55135255427463,-1.16747924179471,-1.04200001899161,-0.322925182022215,-0.876720470618579,-0.96434667704314,-2.49536818996191,0.555136219226098,-1.69999510178292,7.49245251122024,-2.26532368386163,-3.18576985399719,0.570685850258967,1.71393498668995,0.369696880319496,-1.67683545243668,-4.03285289652807,1.82591272025419,3.17875062667472,1.97772418077455,1.31749052431472,0.829479481088958,-1.23366030646798,-1.29783088745059,0.168077598025043,2.77800454688818,0.836891517571219,-0.814991468409263,-2.15511443858975,-1.53667609895839,-0.880336006479457,-1.80141561893974,1.56371399171882,-1.02827057573331,-3.57281498716306,0.493379973986969,1.22868699865596,-4.79786036550488,1.30244903528899,2.37538536098244,-0.902285331474806,1.9885910564618,1.31260166905249,-3.5546885319127,1.65126990090876,0.655423389316648,3.87793916163967,-1.47472465269831,-0.356590696830288,0.479554630296253,-0.14141644931429,0.959472985650421,-0.265483215065826
-4.04710388439846,-0.800441519723393,-0.135221625091667,1.78885167951443,-2.92283566498824,-0.85387771481882,1.42470109572884,2.31802563610278,-0.787794667389141,5.27042412691869,-0.831836635097778,-2.54346873825864,-0.303614020800824,2.94803826891587,-1.87554606818646,0.541082884899075,2.04054047019908,-2.87810829559528,-0.289268817947564,0.14244029781019,2.0986022348499,-2.62315995392006,-4.14085710254041,-2.94208107747558,1.7160118416709,-0.206020503464486,-2.20773464447317,-0.295612417657042,4.14331618482128,-2.38009117047803,-3.70006826283855,1.18715231372712,1.61637524023489,-1.77940919875279,4.7391188215812,-0.97735774519642,2.95208150662826,-0.323497365879512,-3.46757758642326,-0.495275699255347,-1.67790568709531,-0.517553959077481,1.80899859331007,-1.11198505746855,-1.1073921890403,-1.42518123758392,1.93021088668283,0.756263317721242,1.68909015894781,1.37286168441043,-1.73163407707823,-0.053958809078773,-1.85610964301629,-0.365953078661333,0.4048982634118,-0.358988410752315,1.11787254999588,-0.435269734923156,0.0320678727054114,-0.0681689155485299
-0.511947573508057,-2.4747198818966,-0.849186848742277,0.328100469147314,0.572431648972539,-0.845593155734883,-3.09454602424927,2.2142651337201,-0.555766158309825,0.0805832027161518,1.95876848263618,-1.74491788234905,1.38142218975529,2.62104730760129,-0.0831431788627456,2.07117443646719,-4.96107343087175,3.64033347898508,0.517763813817728,0.661500153213246,-2.6801982726751,1.35602313906176,2.1308612194405,2.93014086003737,2.05061113048111,-2.14219867895133,-3.04175018095163,-1.57123006744096,0.140185438655948,-2.02788584475832,1.49722084020003,0.566568055093855,1.51944751347833,-2.60961178694902,-1.29767982463323,1.84910604636851,0.209777834863843,4.86377667748516,0.340284452356396,-2.64872723552647,0.814612621125049,5.7354898247714,4.02664255509941,-0.309153369914989,0.223706515001291,1.79759694657573,1.08997837807598,0.132677408405964,0.39662523634718,-0.24949137859947,2.0986053339854,0.13869853315892,-6.04452136268473,0.722410102372192,4.03691230389391,2.30651100736253,-2.49933591156974,-1.57918369161397,0.54753523558156,0.0147693990880061
-1.91566769430141,0.282127229761548,1.57630126957627,-2.12703066124352,0.272594056888204,0.0986675951411067,2.08043136817676,-1.68885851798876,-0.217123687571205,-0.783489515931069,3.40660118950412,0.368026261500389,0.485370607450381,-1.2637839927258,-2.40651528229854,1.70219030525568,3.47559550693945,-1.15781364423453,-0.306299825505642,-2.60072509284723,-0.56030923844045,0.00961397202164083,-0.352266349396878,-1.61121338212288,2.48171948408103,0.979902079522585,0.43483609059935,1.46291033443149,2.67868792441374,-4.78368289209899,-0.851577788102855,-1.25821682377963,4.11196192485475,-2.27726299538413,0.0357078183733771,2.05576419929989,-0.831525339842985,5.82748960882135,3.3890318262929,-1.54489704874297,0.440978684368571,2.17449605644305,3.24647244354989,-0.699721514767684,-5.71142499904755,1.60030788544367,6.39973871410013,0.899188119625129,1.10880018904479,-0.928640852400308,-3.3962376577897,2.82164994871198,-5.9804221883358,3.70026468012779,-0.232211543943056,2.88260557879133,-4.42157049367852,-2.46221771630198,0.479918185650196,0.945911876864227
-4.22967317145719,2.69099063285168,2.2108840068422,4.57919558577002,-0.191611502994615,-5.26882106624966,-4.15954448855091,8.00035352957724,-3.84518554521314,4.61298625097453,4.65290201813964,-5.33084613030858,-2.6639525594013,3.63590355574777,-2.42213848453168,6.05753715901322,-5.5837338310438,3.03890860938748,0.686220830430726,5.59794069281718,-5.2548684937491,1.24792398350134,3.02872270201355,1.10630350445826,1.34707134292773,-7.03179184738754,-6.19491100037492,-3.77987169045005,-2.30877932544374,-7.57147562251429,-3.58048941898516,4.55341525164844,4.58417209891823,-7.119115069474,0.247800798999329,1.24229791825247,5.06871515536281,12.1709187119264,-3.96262199205494,-3.5501465521943,1.72923128837442,3.42179175523181,4.4889957482691,0.0757999580402884,-1.96982355254643,6.19961732600757,3.38292022748003,0.470323715428443,2.21964042370344,1.48063118089197,-2.08276815768177,-0.0668736612172813,-15.1749710332373,6.45310364737246,9.18946518804638,1.8512398469251,-1.82906388281709,1.17058574770641,-0.070900548894252,-2.5802312219088
-1.78174394865472,-0.660413416838796,0.478376483836092,-2.78759211842729,0.556767646139608,-0.827202021431501,0.36216343383994,0.412258782611007,-0.471203278860883,-0.0219808103999564,1.27182643485319,0.731859256083846,1.0007478363575,-0.854397198782684,-1.28436997545582,0.809232472343083,1.08741480113965,1.74204960002996,-1.60164438660287,-0.923424713415408,-2.42348069729982,0.49581215570727,1.61618779559655,-0.794192345131175,3.23570710937486,-0.190203075113465,-1.54462973685432,1.06145461436036,0.233318139251559,-2.97807131905149,1.70290799897023,-0.452314541325403,3.42741481882689,-0.792885194724342,-1.58483620588046,1.62533167583773,-0.903982205805418,3.40201286413595,1.04646474199366,-0.388649374492167,0.480689764160612,5.0274043018526,4.73733165219982,0.215593754925259,-3.40024674240304,2.24755417208999,2.25426112860995,1.47605161312038,1.39704029967819,0.569012839295665,0.673996071586979,1.79174655074794,-5.35157028633798,1.93783124448284,1.12405697715571,2.3642056455801,-3.38658887978464,-1.63162143414373,1.08843617992254,1.01483944636158
4.92903634245919,-1.88171644843808,-0.0539127399065863,-0.846028215504325,4.36065227829296,1.47790712615327,-0.784706245966858,-2.04894093902943,1.38215160520839,-6.6053265011155,0.643166448969425,2.12978897895678,0.910510260615821,-1.08381383541948,2.66404217327241,-0.290841215377097,-3.62619945890942,5.95477681361101,0.980838055303594,0.711951385090685,-2.68890582609202,5.17226354471093,4.40883752034947,4.23032327549512,-2.44316227762884,-1.95151843493104,3.17465797366838,-1.51798814727542,-4.08323145739118,3.72781918953708,5.11647801339971,-1.33515153461313,-3.15407093250572,2.86827151741207,-5.4021077902418,1.59639146742845,-4.08361624450723,0.206935711181248,4.13979270769414,-0.251069949387839,1.05030666553285,2.18194381955709,-0.812711362146293,1.3156568428347,1.81147152074684,2.40496872342394,-3.12987025671627,-0.985320202103175,-2.08935549073304,-1.50385103731179,1.94286124938405,0.294131629395993,2.74173684831802,0.686581545117699,-0.447003288708872,0.0410474929936299,-1.52043041664804,1.05310202205111,-0.128489120484429,0.729597284988709
-0.23807962542621,-0.234049751927508,1.60134661918355,-1.57401936515213,1.19641526931595,-0.11919083247852,1.24042277898639,-0.945738858688812,0.653489464938619,-1.29890545289032,1.92371515070914,-0.125480761191704,-0.392456667015439,-0.342276634316941,-0.752021310534228,1.71184463885342,0.645272934580858,1.59137474578171,-0.749217710859923,-1.77162502808276,-2.07649777546786,2.05403251578057,1.62964341881346,0.631038488362234,0.909297744676146,0.275865746263902,-0.122894922796829,-0.117513426290785,0.368462192207918,-1.81802269426273,1.29389356106424,-0.101287838565944,2.79594440414992,-2.41207611805862,-1.62264622326722,1.13194506818552,-0.888720697822304,4.57020194498558,2.37781975663664,0.0241643336805742,-0.346165560206103,3.01811022014432,2.62829915846455,0.737732376386089,-3.3165906011105,2.22147329413152,3.39114562074239,0.332254142170956,0.732510139916235,-1.26699157334553,-0.748394878499745,1.99623616264926,-3.46241189673228,1.66500929227774,0.0193482025668601,1.75796227275156,-3.5607643724772,-1.08070094226016,1.03794709261819,-0.0113102244672768
0.425835559164727,0.505523693892796,0.617227816687531,3.06866457747905,1.7874904877637,-1.96804755955683,-1.71685300324925,1.7600836153519,-1.76887400915309,-1.23421896838613,1.80305786991537,-2.20818251679116,-3.83489296168075,0.188670624947043,1.63316445178544,2.26121799978025,-4.43449305574027,3.58050073013067,1.30674234205544,3.9878913937914,-2.49995086438979,1.8958726138323,2.58770371454173,3.23361955189272,-2.3473004742348,-3.00071786547316,0.243131262918387,-1.74229027037924,-3.08402944776124,-0.174427893008372,-0.53095133221514,2.65090122074311,-0.950814101572252,-1.45451852948405,-1.34888349096883,0.875686128578359,1.26220677961892,3.60091245427776,-2.03530672876799,-0.159257123314613,0.0392075090822231,-1.20781875226783,-1.55033423453485,1.65027346836292,1.91141281917096,1.28900900125862,-1.2684375234126,-1.43015609757322,-0.63062653791396,0.652874098918681,-0.435993031713586,-0.074775927815951,-1.8708756380426,2.8290755566085,4.06442404054878,-1.46564324274876,0.231640184099163,0.86906948161313,-0.319349512873855,-2.48191170947554
-1.20909226657231,2.48417045522085,1.37432354511267,2.32707500562153,-1.53352596416186,-4.42108339674311,-2.03393981775216,4.22900866246551,-2.4389577441665,3.86204334522807,-0.132212835674812,-7.26376806670597,-4.76412801232851,0.125504540186281,2.67071543315465,-2.08334701373765,-1.13393318683906,1.52289455644771,-6.01887989307376,7.8230137841935,-4.30431589190637,3.39569719043463,2.67099109021231,-0.573404659007058,3.12837381996307,-1.97364620439517,-2.88404203229635,-5.18554941640918,-5.44932969263007,-1.64029992139057,2.09874256947506,4.03121230678829,2.49157279590066,-0.310746040230922,-2.68251518562596,-3.33948959853312,2.48869766151151,1.70441919906072,-9.47084245535222,2.80106472200059,0.0990194250471303,-2.93279089048562,1.61605187407721,3.559831976089,0.0255382016456458,5.95605852170222,-4.92940814275942,-1.77744220837919,0.106568160671076,5.37509101767369,0.290766944376635,-1.40872729916275,-1.13049840512601,4.71066421266264,6.3082511953653,-1.23624739151411,3.13283643780066,1.60893224659557,4.25260222698089,-2.94403413115648
0.701777856186003,0.580830275991393,0.635455615631061,-0.750130443642305,1.64068855390562,-1.99354569959939,-1.11951370558238,0.972117347005873,0.479128949472488,-0.882379108501987,1.50450010500931,-1.67785916827728,-0.843767384847223,0.264458106542418,0.738675777254568,-0.326957217881006,-1.44963735129845,2.62012648933547,-0.740015326336003,2.82377868048383,-3.83605784955973,2.21332103020134,3.79772021095963,1.91882940364818,2.43873610162208,-2.07956157180312,-1.89211892354478,-2.27512563078881,-2.59548847796801,-1.10837109205495,1.53808206439259,0.737829035548478,0.899718335342869,-1.54170338010313,-3.93921965766085,0.259504789816597,-0.580585760353899,3.0298001192519,-2.0075420378498,0.273460936301113,-0.402825907068627,1.14099782356546,1.73568224745777,2.56264890042021,-1.43317339029573,2.73544712027458,-2.17312769650732,-0.820811726580717,-0.699148236253874,1.41186307298472,0.802840423621785,-0.0838494594068261,-1.6623735874304,2.99065352603959,2.92836416931065,0.2553529376548,-0.773539793639658,-0.600813891698982,0.928599678066266,-1.01352416509371
2.40818870683727,0.810712273731694,0.246171118374473,0.207205740114977,0.675995426372744,-2.9807235075538,-2.32068547746852,1.7702285585251,-0.657155581836092,-1.4637492065706,1.41841065600951,-3.37819973367024,-1.85977693455664,-0.135409782314636,3.08552611752783,-0.437827549694441,-4.52160779568531,5.34129778517712,-2.84152280185569,6.13693161615329,-6.69964040101959,4.85183740593791,5.09897000103616,1.65035806761514,1.75697226288991,-4.25086554620083,-2.14275814347476,-4.10421843030454,-6.21589819953691,-1.83778555245603,3.7188603304693,2.40125265421899,1.43767556197299,-1.07703964810068,-5.63466675486775,-1.8483668536077,-0.645488766031374,4.31481588962339,-4.34594905557177,0.731346698028567,0.573907641244425,-1.06169312204432,1.91499886192843,3.3766345519722,-0.724474660254184,5.95712352278768,-4.22949415429773,-1.78395449926039,-0.0744954139401712,2.81641037343187,1.86431484037874,-1.15499268591775,-1.85714608690276,5.81674146607097,5.97637090562726,-0.806291582180768,0.407448476730885,1.71745868227595,2.44949300917487,-1.32123850894684
0.34052975395539,2.61575598568296,1.3095572027325,-1.35059460196844,-1.00083630708675,-1.38848081772933,2.69582268017698,-0.691443354860447,-1.40950842205893,-1.33678809904058,0.820827020718519,-1.47870343279601,-3.52738641128019,-2.10155564210583,2.65316615258998,-0.75709916971063,4.02942982482734,-0.198699750423916,-5.54710404752776,4.71879923469597,-2.55344060330075,2.49206065567389,0.353468595684153,-2.2719830141347,1.41385128107606,-0.411279421212057,0.919915638235229,-0.999919726451814,-3.22623095252589,-0.689731923813542,0.89596609193253,2.66553536128878,2.01411679321611,0.731653789429128,-2.13824250662676,-2.06333646243223,0.161470792549482,-0.229257212622832,-4.71747286911246,1.96833202137713,-2.00414001862214,-6.4236873118566,-1.60179828627093,4.64812148077759,-2.97658796519354,3.53642242857055,-1.66626226492572,-2.87421146718569,1.31229198837334,3.27547029840855,-2.72267819476665,-0.254937283439032,0.904361598136813,5.34586392364747,0.495081855292227,-2.62674367491234,2.68829678612311,0.886694330113215,2.18275014967565,-0.821524240304501
-2.258709699333,3.42837978571013,3.54841856323112,0.818830079102383,0.850515512542419,-1.32910470139042,1.34738788826731,-0.645629858311762,-1.38751284592456,-1.19001599388171,3.09894427178992,-0.174121373883466,-3.21089869236333,-0.754139057282399,-1.2413922934349,4.64871839702223,2.9678262525747,0.502633533397409,-1.0404324535801,1.8443126805813,-1.28592051441325,-0.26068499736886,-1.17918723725296,-0.941809692123805,-1.69159428279981,-0.284315793326944,1.18067273802273,1.49385338793919,-1.06776314505889,-4.19179873297563,-5.03777456832295,1.58037740637104,2.57780329118535,-2.83509628227239,1.39425986684452,0.275511563394922,1.55689864684512,5.71411736747139,0.311607613285319,-1.8989611737413,-1.05401126247034,-4.29118892256294,-1.67009968859842,0.705198136938309,-3.76809999847777,1.90940669458351,2.94713765157474,-2.35286791387528,2.29216767039698,0.200201950339349,-6.66488228406474,0.890899100167699,-6.14469923436135,4.35765360428611,1.99205592875727,-1.10256314009843,0.63805577612983,1.28172490363525,-0.867151614276218,-1.75157909095919
0.182606094953971,2.8062174242068,1.75805950892177,3.63582315925233,2.70169356856511,1.68083747209271,0.465113406686487,-0.535985689326248,-2.02436289876385,-1.60204925906388,0.851484736400764,1.60451358749757,-3.85799448955169,-1.15633513517871,0.600976113692205,4.6180550354377,-0.273024465651245,0.703049536629498,2.8808407837385,2.84252587854197,1.84049577630646,-0.856432523677667,-1.57105449792624,0.64698371693321,-6.59572863263477,-0.785317912706842,3.92065098540298,0.978952630546017,-1.45124257621223,1.19152830869492,-4.50001285375701,0.168257214349453,-3.60539368849946,0.947640386806432,3.16157712890643,0.242739197962805,0.913106478935036,0.66031084484337,-1.04131413529492,-1.53587175267549,-3.17567092335103,-7.58608485899765,-6.66562390585104,-0.777995655155261,1.36816334962144,-0.57310199656058,-0.544744095757348,-1.85199306769557,-0.42076393888119,-1.64836747721948,-5.65782626181969,0.0342216819252828,-0.591531239692134,0.900414959182335,1.15627827289186,-3.51935230416427,5.46892321314063,2.93376358135639,-2.7651877937664,-1.96785054548725
1.78702111964784,-3.74292273246556,-1.61471485057154,2.08055749069306,0.473712017717934,0.0661343389218484,-5.13789819910904,4.87680459914788,1.2939056093154,2.37696739764885,1.66977474881315,0.00562700875971611,3.15839240136463,3.27191349837549,0.0959560502111183,2.01933247197146,-7.86091130906473,3.26750516039539,4.22821114289953,-2.04244419026499,-0.0307145907505865,-0.110367101339956,2.74745972639798,3.96172266130441,0.215821714784101,-3.1652009871298,-4.92840802012885,-2.28066334622101,1.22471523430566,-0.225829987079609,3.23333078758335,-0.139784019734537,-1.11155025589966,-2.21157768897906,-0.280994576747748,2.56893081413641,1.99723815621633,1.12969682107232,0.460609622903017,-3.70359906077409,2.30242583676751,8.47970792369476,3.2944970612414,-3.62354999923291,5.26183750770119,-1.33211630335755,-0.362875923421203,3.20328564589536,-2.4562656066816,-1.2578040456386,7.32762379806161,-2.37406416030227,-3.46253842458237,-4.69956941285559,2.65358193159765,3.20895687989878,-1.91392487555598,0.316286327910495,-0.717870833122777,0.424336576450414
2.78789609828307,-2.21322321704526,-0.737271723477624,-3.00084620885547,0.947669953779519,-0.908480120568364,-2.26733279111329,0.0908280147489098,0.27318794297689,-1.03365281210746,1.21335562867385,-1.19800137368773,1.07610654215034,-0.854690084007031,2.26743697183728,-0.988489119043705,-2.10768038811257,4.51263482544295,-2.28307930254121,1.71764827861205,-4.29484251404314,3.23934709062014,5.59923176683726,1.78036502456721,3.03082582712315,-0.155814512602789,-0.401465407386148,-2.13519747901007,-4.11891684912796,-0.34913018716035,5.57244658434043,1.00554044751381,1.72360494200379,0.792574282151022,-5.45441679279045,0.0127585383924115,-2.48127047454913,2.20316782979387,0.705032530387515,0.816162000689947,1.80581027088134,3.9385927898772,4.34290780506676,2.96416320016803,-0.124436759902984,3.70660323630572,-1.76165249127487,0.349012567518108,-2.05902647522987,2.58411395097577,5.47399430302578,-0.0984126716934978,-0.558352946066028,2.58295360555024,1.25455052502913,2.13099969856257,-2.03447495941319,0.701938211798521,1.62481655966159,0.629076905427477
-3.54450791105546,0.134851407562875,-0.249275844308057,-1.40964496905519,-4.08996052778623,-1.60013698512943,0.209824411680703,0.985495356720658,-0.687279895184925,4.94299933764513,0.110829437293388,-2.67487532282772,0.887176645071825,-0.0648841994184455,-2.29094770691745,-0.573849512422174,3.14969705308421,-3.50594366692702,-1.55926272395059,-0.421356751264967,-0.623073140506377,-2.42839476683187,-2.73642336688905,-3.26580648927731,4.45062672038259,0.318886328336872,-3.05803902687783,0.681046025124955,2.28452581301296,-3.71194464485175,-0.374823061570093,2.14275714169095,4.38390052385151,-1.93012966820689,2.0064799966091,-0.0609419292894622,2.6092398702421,-0.0752339920623263,-2.69374550469908,0.638392564069478,0.44950238339764,2.30871687604585,3.26155149944119,-1.1554773128373,-2.8356461328362,0.575748623630438,1.26166731043256,1.02190763593198,1.23013804410897,1.92225162138474,0.61938465756199,-0.419663206228789,-2.44007323686654,-0.613626642669535,0.0713873958830371,1.97198482769162,-2.07711534210681,-1.23486835912318,1.6540109849507,0.282328939056508
0.709446414860867,-1.31132150498368,-0.814390412784822,-1.39971086102814,-4.05878270242957,-2.50797292513795,-2.17389075145406,6.24702857993611,-1.4666007990564,4.14192441188333,-3.04761501748106,-5.508578438541,1.00464982908173,1.75745977431371,0.507819852760982,-6.01094572123362,-2.6131284981297,1.01036121534931,-3.79410213211327,4.86984190789251,-3.9045015388966,-0.332852710862606,1.58371414346385,-1.49901291848207,5.31248400467994,-1.85025349175896,-5.90574668842358,-3.38981361965012,-3.02427500880911,0.980349062408015,5.02538792322217,2.35743381845327,2.06976469753818,0.715673171614353,-2.67255074274989,-2.94248739792445,2.26387195055192,-3.42058848792557,-8.36937541237806,2.01549868890304,0.873729629481748,1.47995813320179,4.86961025541931,0.852166416873939,2.33961569835635,2.90737281575041,-7.09411293025701,0.545749296751876,-0.501335911397531,4.49842032715048,7.26744423419652,-2.90960427694602,2.71310833965041,-1.00531611439736,3.10103468055166,0.0888720683480208,0.711774550141841,-0.206567140639175,4.25819993782365,0.815392747907982
-1.22312338902827,0.610206529582381,0.970564810751996,-1.14032687914627,-1.15829780672455,-0.965787150398943,-1.09904365503968,1.76249846467956,-1.23500183164776,2.01778922351959,-0.525951097855115,-2.93016217463279,0.917670199387907,-0.443869344526926,0.794738598842791,-2.16370128543883,1.41541224457963,-0.770201887563078,-2.67134982269214,3.42179609456478,-2.12627895179339,-0.100838075779928,1.21460734559212,-1.38573285576448,2.18584351052698,-0.513370509822504,-2.12539718149736,-1.44246551482329,-1.61116946296768,-0.926453554840803,0.473881671936758,1.34676254184032,2.62135496930096,-0.332897435749872,-1.09407309683646,-2.29861869180394,0.749894808350719,1.59852909094779,-2.71361491636433,1.1146958147685,-0.555852288780867,-0.167500072111394,1.27566037905519,0.305863724390602,-1.64769088566612,2.35645221258243,-1.6450935636261,-0.0280601757993337,0.275174928597162,2.25537112053669,1.39726268945593,-0.0900933605150475,-0.857179391613513,1.16322209540548,2.39678802095581,-0.194579613158903,-0.213418204113503,-1.21641554422817,2.47567956222584,-0.0120501140547459
5.63838400564525,2.07280870481818,0.841894182964898,2.29951741116243,3.64002568867881,0.727814791842575,-1.28411380147154,-0.257483752164197,-1.3205545024148,-5.18099253123876,-0.181891692534704,-0.115597542040747,-2.36446680063983,-1.81844269503727,4.36681242372997,0.201080072661065,-2.96116845005682,5.48797389873893,0.0517265561197618,6.43993210279563,-3.36473580070589,4.50851871229511,3.92714052172059,4.57751579378382,-4.66566600808625,-2.16913811176929,4.06651457816527,-2.90942517724917,-6.0107062233904,5.16499518669782,1.68708085640057,0.499788018561947,-4.28870105095611,3.36468757883198,-4.78527025411701,-0.574008516098745,-2.8845828259441,-1.09691509394952,-0.527179778323344,0.892919719363332,-0.463460400135955,-4.55271582213996,-5.18897790319503,3.00680596074713,2.32076525345189,2.3789724527597,-6.36419156687804,-2.81781399366379,-2.98663833284895,0.425739844458102,-0.628894499525879,-1.00412455716292,4.94813414644671,2.93031909935757,0.935433797200533,-3.45224817634149,3.56867210069659,2.09553611197668,-0.0812773332050754,-0.508296295420271
5.82643784374992,0.352681839373624,-0.701777485683063,2.06759232383038,1.50917221041689,3.2751057722204,0.206200911478452,-2.82679070785504,0.724069191956394,-4.08834335247868,-3.62946264117365,2.65614011695209,-0.50136806285688,-2.2861069829785,2.98922626111703,-1.92565781846384,-1.08396766049542,2.31452261095782,2.88608059500254,0.604735860504755,3.49845119669941,1.5954529292157,-1.79114163515583,2.4644249995754,-7.3368319394137,0.386448507891167,6.10401006813064,-0.160152236377609,-2.33583635122186,7.88298708282611,0.558089496538004,-2.98934539233226,-8.14609238591696,5.16125001994167,-0.309038481008804,-1.00607357178402,-2.54242065662221,-9.96108985625942,1.7037615634038,0.350542260879089,-1.59075442947158,-6.29472117574994,-7.56308228973067,0.986659099943889,4.82804428157281,-4.29645923034012,-5.54420295578639,-2.02332675082435,-3.76785551340515,-2.97788086160081,-1.89327135718316,-1.1598026498175,12.0982470418324,-4.09112966368937,-5.31993817563453,-4.47519028139696,4.437688294731,2.36514882346739,-3.6507115758006,1.13589167493498
0.182341071121982,-3.46091268322408,-1.98023919650392,-0.431319403713056,-0.357759279531482,2.48600221781842,-0.971114717657519,-0.747354534825836,2.00599936586445,1.6396081415413,-1.10823236824649,1.8270301651354,3.12611074513977,1.49656481998145,-1.81824752911365,-0.969913037415101,0.473837588402282,-1.63608818587853,1.59182245779879,-5.17566029460532,4.51794907573849,-2.83981157649586,-3.30049814812296,-2.1256465260899,0.782920066833434,2.15570967100478,0.254532086008871,1.45347800660702,3.43040899847944,2.16517898719125,-0.266681083799077,-2.25403339704262,-2.70321413440671,0.314175286650536,2.01016322605897,1.02110116650776,0.288377272984987,-4.39202340665654,1.85849821140234,-0.794926560227478,0.252156484538887,3.58629960830264,-0.0872708467038309,-3.97246263420315,1.29201954185963,-4.97341093345825,0.882102781463552,1.42296832928409,-1.1098904746095,-2.3252458043238,3.44368326474782,-0.667152853317813,3.57119123004537,-5.75978945027737,-4.15126889768373,0.997031502978193,-1.31279988757809,-2.44658338655434,-2.36447130514489,1.8783175997415
-0.75894877414766,-2.95279424020754,-1.83724792154874,-2.25430308350209,0.508540036508619,2.6818880746477,1.13042544390971,-3.40702900128805,2.28056287459672,-1.48521258748127,-1.04446829883042,5.09545086157508,3.29979269459085,-0.318691449076465,-2.73944623515931,-1.05087545385017,2.15856731462134,-2.50214327480615,2.6648675255787,-8.87326870870439,4.74647007109573,-3.35870107584394,-3.6772715886265,-1.45460000257705,-0.356481781877845,3.0961257442371,1.70445717662467,2.87958206692961,6.27678115604353,1.07818359605282,-0.846681656607055,-5.06023709934755,-1.45249441482237,1.4582556614218,3.05736834398439,2.69552848054736,-2.03346207116052,-2.97201872080243,7.46259835283723,-1.18158115495831,1.0075376862881,4.5847962915082,0.120077835771062,-4.11026771129186,-0.892609059084494,-7.37786201021211,3.86490131256048,2.03463253308046,-0.946058249537858,-4.14501733364617,2.51517632353231,1.55110220153039,3.39828049545093,-5.64808700752229,-6.07198122762408,2.11655932370584,-3.36159041657582,-3.36395375580837,-1.92272298121933,4.01602120565745
-2.29295481166989,1.60327858995952,1.77916284782478,0.437841506628601,-0.0296776901377005,-0.673572396457725,0.0858298664529517,0.00671332030485983,-0.62234287333519,-0.400042477310954,0.967664831891679,-0.126305080244785,-2.33096005636766,-0.486815345435442,-1.40579222072037,1.91911221903717,1.06565948161983,-0.153888869323855,-0.981371227512247,-0.878435623127582,0.285258166453792,-0.218126661048999,-0.17979073690707,-0.813929412313024,0.339101088028638,0.303845865589472,0.440997365305271,0.866135776894266,0.787223596382973,-2.63090737359916,-2.85962895880037,-0.270044234854813,1.22647851421568,-2.39898534038454,-0.113611457268153,-0.214375601827757,-0.567553044487743,4.27289310447535,1.79271082676755,-0.888502827081153,0.619259052764536,-0.66836263763557,0.411522859516879,0.274060141235871,-3.99797862498374,0.194760830199828,2.56569457657442,0.657092804435475,0.53953178177664,-1.26032112738186,-3.22430503163299,1.00335544457813,-4.15822465787814,2.12279760149377,1.56742868293975,0.577628072274166,0.156425137184359,-0.871894339519794,-0.489323920774327,-0.432795812520794
3.38865508871437,1.13762112872836,1.24561504968595,-0.208991971595023,-0.368926088457302,-0.300697277010791,-0.834521935897459,-0.0683964933642115,-0.550573611818792,-3.18485739656421,-0.597431420017314,-0.704663039302577,-1.34201011774086,-1.30432873566557,2.60173989656266,-1.83131361510543,-0.901127253966616,2.44674257994479,-2.56567278726976,3.01057804198684,-1.85398264301393,1.95155535395049,3.1269094863029,0.51824486268769,0.935826451726561,-1.36215562970763,0.961379011580788,-2.05057252988085,-2.94197635588133,2.45972650200875,2.36808770483802,1.05947872857739,-1.23252097228135,1.41942083947557,-3.89548886080271,-2.632019050917,-2.04171773990391,-1.51385236192476,-1.74660068433556,1.34840446813177,0.700381860549237,-0.328788631476879,0.124308892347403,1.97798288316541,0.647691960848975,2.23215091580326,-3.27843173462904,-0.31799501957355,-1.7095947010661,1.7373750259249,1.11932455269313,-0.415952617913708,2.5368872646048,1.59584417524888,0.853216683728047,-0.00922947529313556,1.16548076401371,0.792918713248211,1.82861884309353,1.25531334476425
1.01573147021302,0.866324515853745,0.566974417010041,-0.395473832058659,2.10677496250294,1.97367251330611,1.1459363723389,-2.64804380379447,0.590891084788176,-3.68428961630539,1.07686452172493,2.58443597836947,0.167895377499817,-2.13550231259505,-0.291691860964783,2.75694481273096,1.08136977728798,1.59242140086472,1.96984999966385,-1.56525760822212,0.476219650916337,0.917615110847713,0.846973761711227,1.04335594128823,-2.40179294479296,0.909243785685184,2.26969882344117,2.0856225747395,-0.101787727756619,-0.393183070530118,-1.29890742275559,-0.545159499970177,-0.240549148388787,0.585369607024177,-0.122181920054365,1.18730239144265,-2.95404695049024,2.22502161131909,5.17301171733029,-2.33470031350892,-1.20910114764396,1.1821644580419,-0.487318159202989,0.18563107715178,-2.00845762370766,-0.506554613370983,2.26369212155191,0.805254681876134,0.703443099381741,-1.6540725122009,-1.96369870558683,1.12537652616928,-1.33294235911815,0.599327502048015,-1.18500750141112,-0.0763673516399133,-1.2669289396905,-0.0618541594144904,-0.734713959307269,0.512888070997153
-1.80855886117134,1.35679488441674,0.804991015203433,3.01407209499096,1.87414974728181,0.546269852784221,0.831377466271777,-0.336182436658642,0.0813792917371385,-0.339742023403066,1.11729845407888,2.71895479517337,-0.881671606707546,0.586198132077062,-1.74434034960844,4.39750432141965,0.862870510975681,-1.1834843932568,3.48333980394465,-0.549874521566279,2.4806110528548,-1.99645835463625,-3.04628455179994,1.17374911253942,-3.6505526350873,-0.432629712593665,1.29408744139959,2.45010214717013,0.610933704858544,-0.782378554003027,-4.61821640435297,0.416891083123442,-0.146158015755236,-0.767188068017334,3.46862687504857,1.10375694346875,0.375059030183277,3.14729050124228,2.90164379152715,-2.71178509255016,-1.23310805643143,-3.71774929314813,-3.66430664558948,-1.6553661436721,0.0585766080144139,-1.43780924843278,3.17232713167315,-1.16911296527518,0.176744849530174,-2.37634696000831,-5.65951719624762,0.62617660360205,-3.11155096684435,0.527332705251984,-0.484141545496878,-1.73610023640293,1.06929955855252,0.335357259227729,-2.68466041367454,-0.742919914295926
3.54654217618454,2.92967719878187,1.42209073336626,-0.111009187387107,0.660280606396945,-1.27345697656248,0.442837606213573,-1.08826051242664,-1.66081867923777,-3.11574144289856,-1.14645712934223,-1.9695392340813,-4.52063653829462,-2.45444045489846,4.24839166241447,-2.11712487018699,1.85514003827742,1.81043716123293,-4.41101940453462,6.66793133707015,-4.10744672107512,3.61041765849736,3.36158953173253,1.27814756664327,-0.0631416236098321,-0.54770264726247,3.3535155095272,-1.27399645823983,-6.81462725513375,3.08332633301542,1.04174032203744,1.09023839036956,-0.913531059265604,2.51531504218628,-4.89486785157328,-3.63690499771992,-1.27766438853139,-1.12896166702301,-3.42476196382201,4.2451923039598,0.169321462829404,-7.27264249284657,-3.23202630665017,5.25136831708422,-0.923297245093745,4.78812893007189,-4.67689054970672,-4.18834220017276,0.402658960415958,3.09644696923176,-2.56264977670732,-1.05063233040306,4.69707261953064,7.00002386679459,0.973419176069622,-2.98046476063676,3.94104031893431,2.09346307325821,1.28219409165861,-0.654279976465128
-0.107385115967547,1.08717091095679,0.569932172041976,0.470333256479992,0.193855640319483,-1.69292158562656,-0.106749840408714,0.689259174277302,-0.867438555134328,0.989570126406477,0.705723863141413,-2.05069611058417,-2.52409496976718,0.438931945725045,1.49546394179186,0.401235938440034,1.52662566335786,0.682333750885238,-3.08485738758705,2.61491056097883,-3.50216545484716,1.20082384375276,2.53350184466061,-1.09969217155461,1.30935080755524,1.01434685148858,0.0297756546658313,-1.36409821129451,-2.52547240190553,-0.990676735132753,0.250659220953474,1.39062650016632,0.584431191481088,-0.582879071250448,-3.03737728849335,-2.75109150222721,0.331862427672161,1.73586609957342,-2.27362067732445,1.49315094329902,0.0802857921489861,-2.27569778294142,0.74317406136164,2.05663215042618,-1.62923504636006,3.4197802898149,-1.50786542858372,-1.90824624871471,-0.125416123666106,1.49599690137361,-1.17988798562814,-1.02214987039145,-0.858735527007699,4.28652288335603,2.1090736129492,-0.263372108320655,-0.196992840346078,1.5287432090947,2.17501108183479,-0.477164581662148
-1.18638271635611,0.386404750129615,1.30464303044101,4.04452059694676,3.46269521871935,-0.776653191086248,-2.90032747334604,3.54645173136187,-1.11811966283267,1.93142252165982,3.61951455066195,-0.123309549215212,-1.54558435131866,2.84251091625072,-1.91222446291985,6.07263226157559,-5.45891264714765,2.21563686866266,3.19545385982793,1.12328888759407,-1.65577183699686,-1.12745531720061,1.81750970485752,2.69124563156972,-1.34048051118633,-4.4618538378782,-2.23367964225629,-1.47346032776884,0.0595316795716413,-2.74573213512445,-2.64923233180258,1.47825680254999,0.551183412340216,-4.80357226774913,1.94646021870662,0.986529601481075,3.01675352413391,8.07086693551184,0.676633988391582,-4.29039857116985,-0.219991615601923,1.11898220190794,-0.555287055710571,-1.35781241647532,1.46486207414041,1.41937567298265,1.4885684742151,1.23412187640589,0.296496153909356,-1.77921960654873,-2.6990416124776,-0.565249515371983,-8.25918311435925,3.38296006204341,4.6388387005594,0.329448933187461,-1.32602566498188,1.57286100077139,-1.70154925002276,-1.68144314508587
-2.92990020307747,1.81165662261714,1.02988367185392,3.81759180133707,1.49063068425701,-2.25040451202155,-3.17501960335767,4.46408442261684,-2.16951395832649,3.60390368827714,2.68993722965759,-1.33731582957789,-2.37732479796574,3.17514700750775,-2.82557875668039,5.64488383329343,-4.16172621455914,0.197321465030278,3.47076955773022,1.8585043811197,-0.365896359736217,-1.96773843154375,-0.17135215450105,1.23038358767478,-1.57734216188335,-4.34103062830336,-2.37950247958167,-1.28324597892321,1.5185184864909,-3.86291106518891,-5.97078515110999,3.00066050981502,1.05462476632484,-3.95023225482505,3.8674840242332,0.401295904808195,4.14011694764707,6.97767775475047,-1.01676646854453,-3.33925718231378,-0.606034565272328,0.73364462155623,-0.48769493784177,-2.28654853238966,0.208138779170735,1.84093801816437,1.77563085940745,0.222193402160941,-0.4872879538409,-0.788739026722741,-3.7370829421491,-1.18379007779216,-8.97887227966471,3.32391931146871,4.64150094650997,0.180930503969993,0.749453441050018,1.7127458771878,-1.50420552912788,-3.15491341595161
1.50845593235567,-1.50806451141448,-1.18312781911838,0.685219302384806,0.636242096621282,-0.35706548984361,-2.76042430178186,3.089382927404,-1.23750756256774,1.06147460363905,0.180762656178504,-1.25226731176033,0.516811431385731,2.68814355386502,-1.11352429186723,0.856668606350417,-4.33311498842983,1.00967399453907,2.58597136529854,-0.497296594492536,-0.359638462864862,-0.375998294635436,-0.0393861228443245,1.35191194009583,-0.685593409158067,-1.99753192430266,-1.93718061765362,-0.0436009312189849,0.93873802740225,1.68574890414983,0.672613923365647,0.800731981397143,-0.543196173417069,-0.0989968363492598,0.402538407378776,0.449479567598396,1.7222903014586,1.0810716816757,-0.140790873992431,-0.578665551349395,0.501316964719219,3.24863346864655,0.00479121352565409,-1.97745460415444,2.70578220410931,-0.43959233311703,0.119338076671655,0.360328073412374,-1.72034740201358,0.154092750274003,1.64481303175954,-1.04744924743985,-1.47617019642333,-0.975257682699453,1.40927904573947,0.423358277444803,-0.454281675562985,1.06050604091729,0.208810565189339,-0.826298629109892
-0.711223614068223,-1.12144032943059,0.141065278377347,-1.44481821260731,2.45292756840068,1.30992498736562,0.675478911301482,-1.8656011409678,1.57026829475088,-1.14155676834087,3.04878453558768,3.12465432396036,1.46231798886131,0.189684969410127,-3.42346870662614,2.93647141910259,0.356752641402228,-0.0909980010213277,2.76486052061043,-5.33877386160576,0.786739783415302,-1.50176440931656,0.0844589260945274,0.556475845784436,0.370719422897096,1.11587622729324,1.37960836353565,2.03823146370151,2.73262156508395,-1.54948617232838,-0.632828135213706,-0.713432221960726,1.36942437167184,-3.10117323595338,-0.23458857554971,2.49779362625549,-1.74699423160474,6.25208792119978,6.52536580492318,-2.6059133088465,0.70004001565525,5.2213323100188,1.74730780911215,-1.88329320161111,-2.63991059263432,-2.12666047649265,5.4438310963377,1.40835169876159,0.285557435663804,-2.42993375573691,-0.556784293093761,1.00626386893208,-4.23379098303436,-0.322875760492653,0.101860742042419,2.72627029095246,-3.62957400032897,-0.621699388823397,-0.929228093131937,0.530369519665017
0.0459990890088382,2.10698288864929,2.16521728973897,-0.486565594642587,1.49670243324733,-0.837524962110759,1.58480053273845,-0.797117736822761,-1.52291515583294,-1.57019285509414,0.973749806931201,0.249058065525656,-2.51256742565383,-1.05042628359223,0.760610410665672,1.56489406664786,2.99009136093291,-0.696495020694687,-1.01203590510122,0.74007134193999,-1.21300256210189,0.0947368640980273,-0.403828477492123,-0.565232987508358,-2.40927551079806,1.03753484434542,1.96353780979029,0.774862900771162,-0.323966614599771,-0.269431147712962,-1.36867335465969,0.52870640219953,-0.0519494942413569,0.407152969176908,-0.351693601509481,-0.650047088021615,-1.29285613609445,0.878228886101379,0.657463304170678,1.41016087263332,-1.54988278816368,-3.89904794389904,-2.50191944463242,2.17188822565537,-1.615296172168,0.584207323725133,-0.169811093145178,-1.43733052485959,0.555667320447777,0.399711406959727,-3.79947024610411,0.33427349500383,-0.134582753688795,3.53921087007704,0.3296362912779,-1.49601612032883,0.735826190761886,1.43662757498031,0.407784787766712,-1.18583468182459
1.28043603397221,0.735780625172324,-0.283307242705905,1.95036265341706,-1.66070261086077,-1.36197342100484,0.436175818507378,0.758264059637851,-2.1643950122422,0.595963401092321,-1.87168723765978,-1.0355741461839,-1.17879172537039,0.201629755743676,1.36433493129795,-2.38604833052578,0.0804369969286259,-1.18111787639545,-1.17846051896936,1.79502895471239,0.209844646756398,0.386629133201112,-1.32635581710296,-1.56758228449503,-1.34834104192026,-0.563339781264113,0.676523897503581,-0.803313924984246,-0.89784711841243,3.08158642352617,0.0388034654935764,-0.0831711141328294,-2.12867708956636,2.29980169047315,-0.242460508922471,-1.80972577930681,0.42502189430424,-3.38374588325365,-3.5914766436927,1.71657398125441,-1.90047137677957,-5.1921704721462,-2.06791699845806,0.818668802351531,1.01894648912426,-0.0645609562487618,-2.17521168321291,-1.05598204563146,-0.0606188270953434,0.619324409966542,-1.08464637361412,-1.50851672900584,4.28366169270319,-0.0455226951103909,-0.66573570747362,-1.46610596488588,3.43435657820907,1.29841951878865,0.219823725277034,-0.854004745781932
-0.0216482171391669,1.63160116079874,0.709241499773299,1.17120441319336,-3.13953719680799,-2.31607284548398,0.708144449651251,0.705021472232227,-3.1101333846177,1.21083890276075,-0.622863008402191,-1.84811377686996,-1.91786928170529,0.802689145392741,3.24488975161948,-2.96578003836264,1.47100665516875,0.108913776107213,-3.48250269750983,3.30766732211609,-1.95661499677287,1.85305369338661,-0.385599347163631,-1.78903096298042,-0.391866440999416,-1.14845605396033,0.733529433005527,-1.4229784708369,-2.71407334349003,2.49066491263886,0.682410455324079,0.965826163189929,-1.15803921558636,0.557487340111217,-0.386683014156182,-2.91827933062518,0.745288794130645,-2.33696708828028,-4.78072737487143,1.75631709563689,-1.71693649510104,-5.86990291698192,-2.05777174888928,2.76208611083412,0.344076003126839,2.08507081542589,-4.37605365580464,-2.47365112895554,1.06153292728066,2.78757852730892,-1.7871640947599,-1.19387263261237,2.97892766144799,1.96690868535614,1.53350963739548,-2.17212778848261,3.69195585150831,1.87671631410726,0.409360412998736,-1.76666887069945
-4.37779444589179,1.35292294849535,0.60509248178463,-3.84746591227157,-7.16818958209102,-1.3114333264454,4.31671291976238,0.552385122259621,-1.14415852230472,5.60884654633763,-1.09912269272055,-3.79125924493841,-0.176007249831816,-0.87079026028134,0.147235555651415,-5.98944243235819,10.3191670176134,-6.62427596621971,-6.60180612815701,-1.15623748522561,0.178389110180736,-1.16277991044787,-4.06738554483024,-7.39504762248349,8.58178512287777,4.44462798435362,-1.74812557859264,0.515585779365318,3.66928561754162,-1.98744749679242,1.59716514884901,1.0338309659273,4.75025443012932,1.66759839898308,0.400265454983383,-3.61825056038345,2.58175819895914,-3.3443961820481,-5.29166082803857,4.80261251636427,-1.1972580543718,-2.12652815977626,5.06767766522765,0.94894950225823,-4.55876150778786,0.343849395440224,0.370832250056824,-1.01732871163321,3.8179385173724,4.56622976750858,0.344065073713725,0.251848924147399,1.44061402171186,-0.721067884220796,-1.41473717279715,0.806611517263304,-0.0777128375162316,-1.15405299966058,2.57067455728858,0.129519011964325
-0.883092590621839,-2.36706955275045,-1.93654623716798,-1.73751282821502,-0.788391408468576,2.93109643450086,1.43464281623104,-3.02012489342369,1.46623150126443,0.903853656932663,1.27272755836243,3.39143377190211,2.52681310161311,0.527530612452212,-3.49744042332277,0.987354381495006,2.19502216846119,-3.10789158881532,1.47257035314233,-7.53804858659992,4.62477643641863,-1.85182334545967,-1.81734657187065,-0.316621086448526,0.0432627553779288,2.85833070870735,0.699389940056841,4.31708697735487,4.54037266764207,-0.317506786728885,-0.695062164790748,-3.08070423409539,-0.250210036226386,-0.693673897902175,3.39053640542227,3.50080791420861,-0.143553045647274,-0.382817316271184,6.17614869535597,-1.58999848023506,0.0288962236011711,4.57209950802877,0.272814071351436,-4.43880323041133,0.333060618790582,-5.24124215972855,3.52133372283797,2.57877163584183,0.898516393594182,-2.68122525581237,0.0155589144254872,1.8473732983134,-1.39698343234366,-4.710355483177,-4.7864874713299,1.43538948143897,-3.78425064488205,-1.42795097002601,-2.72831556816229,1.52778854615805
-0.804850867178295,1.20943911299498,0.16277856222682,2.8610243094283,0.48437695914234,-0.539554915153903,-1.73628352882872,0.0479254736279326,-1.3659489601714,0.922244565476974,2.26244162736886,-0.474676259470024,-0.917343436793197,1.26281582241549,-1.47733728482241,4.33434180708067,-1.47157064631056,-0.669777012431927,2.61423786947736,0.261622830669883,1.16040363336222,-1.03927803477095,-1.36966171716855,1.52002062267854,-3.4195462957622,-1.72527037974352,-0.204644155277537,2.04917191377042,0.406482906369885,-1.91690218050342,-4.68615274393953,1.16045333104652,-2.04974562223406,-2.2237451465622,2.57787106331424,1.97107364428161,1.35846297215882,2.54418337371825,1.15193525360298,-1.46062557950798,-1.15442708018383,-2.46922844961871,-2.90613985467366,-0.00890301793200132,1.0704556777453,-0.880388541272174,1.92020778224832,0.49007871267755,-0.864223570491617,-1.13245312673707,-3.57541923507217,0.842612266630385,-2.75570508483076,0.200587507513963,0.73008520028492,-1.06138740443195,1.35579314350972,1.41673719469318,-3.29622085843516,-0.954725200972072
-1.51418894634661,2.27112147633484,0.849813403721388,5.16674114402324,-0.978248397041986,-0.395035706972082,-0.689172258294573,1.55648851592264,-2.02265626051246,3.24075351453257,-0.000950598514272594,-0.587607999389451,-3.34754139841184,1.61755331748221,-1.87487797158226,3.05606246537095,-0.95468683642018,-2.0586657837385,2.63493616977007,2.87199524141881,1.99136571720012,-1.38678791881042,-4.58761761361539,-0.765958193116441,-3.69984561958497,-2.16303625718771,0.365990448935472,1.1247215284524,0.530133559803953,0.778746678409507,-6.35404148999035,2.20930039755374,-2.35564459929155,-0.56552131935625,5.0691571020626,-0.419105065873149,2.92045988676085,-1.22172554567144,-1.86190933741649,-1.17593803219645,-1.70089062922159,-7.9571204489202,-5.41514781864657,0.0460000858174614,3.33350078292074,-2.47057488306367,-0.227335097157771,-1.24581155531356,-0.555009277396618,-0.117798974732924,-4.73006976947713,-2.25494761208184,-0.913343090409901,-1.50900317562525,1.02060073293308,-3.39985615881449,5.0554688953902,2.46641807237385,-3.85828830864776,-2.20846149595665
0.473625589824204,-0.359294999912071,1.18313027059808,2.0515167772628,0.439545428035642,1.65254727758245,-0.61711310824691,-0.361993773199652,-0.274252336987015,-0.229924038763953,-0.432852378899824,1.32848098438858,-0.918439981908262,0.549169128937167,-1.39506749597704,1.17103092009003,-0.657109058535487,0.329028156803599,0.456579965455324,-0.683185783708878,-0.0134737949803938,-0.0533677038125445,-1.67224223335898,0.82177515306396,-0.865119275600363,0.25873799089894,0.326679085122246,1.0347556249138,0.0618171636404059,0.767116570248123,-0.365220924114375,0.002833232722049,-2.22795078744806,0.946486930870145,1.1296918774752,-0.86459014175303,-0.520807241017638,-1.31249997652603,0.796169121152741,-0.433334459485209,0.252409463309041,-1.88786182912548,-2.03889929285873,0.238299171324675,0.37560307425471,-1.26678595586843,-0.606924774711848,-0.777642187650753,-1.69318161894946,-1.17388843616733,0.270156778529693,0.306555270797532,1.34648928434698,-0.601811251647657,-1.19039023135006,-1.09257676437953,1.88439001062062,0.362465919383781,-1.23266037601095,0.264510895146512
0.709808975850163,0.84135310991237,1.49754312552048,-0.199114656544413,1.00722042799693,0.403663190535121,1.46613783765084,-1.38367475953642,0.216536725191974,-3.7438261135415,1.22237139039042,0.355668853228573,-0.20291879977778,-1.91744212244797,0.646670980459951,1.08606071833239,1.82114318794833,0.937296165615636,-1.01722810278194,0.521751828447434,-2.64030240749451,3.45611399398971,3.45779483375601,0.191523862955581,0.954343200150233,1.46408718678805,1.70429639349449,0.613701249104755,-2.42558092032849,-1.24104745747506,1.31379443870217,-0.0467468374677514,0.0510141017940539,-0.234485609948277,-3.74042292115724,-1.00655456989137,-0.576697311758679,2.76336320116406,2.1056487019952,1.44012098288075,0.950459096979475,-0.59767388503243,0.317057495939271,2.10950089615691,-3.69330508212628,3.05875716912929,-0.563006165591498,-0.364740175265644,0.450071648714838,0.0920584020236703,-0.253153917771115,1.36295030213328,-1.42405560815773,4.2850384863506,0.341982548240243,-0.444384077511637,-1.09045733100856,0.57868683046869,-0.226286138718413,0.999716446556751
2.89774086214768,-0.169885559715196,0.109611010468554,-2.46424254269596,1.01740326283643,-2.25741344423028,0.0459158210977711,1.07228655610282,-0.802881239802225,-3.19008992252555,1.18677028826443,-4.15961688386871,-0.355042445185651,-1.73285767146823,3.49396581783887,-1.01957616912193,-1.7159018408963,4.18552601246968,-5.76526238957043,5.62602871528399,-7.55350337535136,4.92645744093069,6.77216934193957,1.83533251608386,4.39175569752941,-1.1101784341281,0.343767960990054,-4.891228199681,-4.9956928514694,-1.67652488522787,5.22173222088384,1.19491837468323,3.30993573583939,-0.160834920724176,-9.30336986455774,-2.29407465260047,-1.98522266228852,4.1098034518164,-2.07489721068672,2.85508773947054,2.28709811535556,3.04339168717762,5.32863671712876,5.81650814102528,-3.70691431262877,6.87400215476743,-3.70965621720987,-1.1828358110691,-0.093178450978965,4.4761149481514,4.93244945749063,-0.243647015638783,-2.33567395065193,7.08655930454514,3.4494146987496,0.40186908959931,-2.50879980692113,0.372522387326175,4.23033810347689,0.673543182284415
3.53743925749731,-3.20899936889981,-1.80899053357304,0.153261348392789,-0.106679575715085,0.385363576616554,-2.98518595602763,1.36112372655263,1.31725892171934,-2.00916753869857,-2.55564341820292,-0.460723583193007,1.74225206699161,-0.924353141416413,3.25590757683686,-3.10627707964471,-4.18869411080529,2.45166331911334,-0.208210885471226,-0.199713737457832,-1.39742731328831,1.83649115659871,2.04899437788838,2.270586862992,0.641664992391939,-1.45907843347372,-1.04655860574865,-1.89853247280043,-2.32895584642785,1.7923470935912,5.08035127639719,-1.74338425716333,-1.77042052240014,2.6763626214713,-3.93244221200038,-0.788612624642787,-2.43892621930056,-3.94021500801678,-1.82697731982562,0.235490224064347,2.52980225965634,2.57156339383462,1.69036132640892,1.01744376856525,2.80372062249038,0.185422271024283,-5.57051581429681,0.344415563733651,-2.35196539310837,1.08760047142028,5.94904496879867,-2.16583569766543,4.2110269765372,-2.69154554695054,-1.52679340396679,-0.332667730280242,-0.307467046948058,0.0369282709271684,2.10976068188787,0.870542053379094
2.60117393093401,-0.784531904844017,-0.176242655174159,3.12224803354771,-1.14949115919312,-0.121554542963145,-1.5147359890437,1.91828171089407,-0.304552135217668,1.72998204171436,-3.37921031673235,-0.855801081234952,0.107030224781293,1.11759091506595,2.43611089599244,-2.4950133577808,-2.90684438272477,0.302314022840333,1.67508431909417,2.28774064402144,1.76708823372686,-0.442476047625738,-1.23895269229268,0.921025789138587,-2.93733598657928,-1.79577838564014,0.961395904882892,-0.0257016522129394,-2.58370351079754,4.16988150698521,0.583786578003413,0.678599389772198,-3.9341064796362,3.16126567802044,0.403058927962115,-1.36995022704132,-0.0241332031338366,-5.96171471800426,-5.36505141400663,1.00556721490178,-0.537152909866022,-4.45293676211146,-3.11695010770724,0.124052094177574,5.58299976025698,-3.01716278470397,-5.53709079714912,-2.22336688647709,-2.24820254162162,0.862865838661681,1.27091394126682,-1.73352898877976,7.05602426767542,-3.64593734573216,-0.737698886638406,-2.70311299977631,4.33914474741318,1.73796592839097,-1.58047511819226,-0.561781147155575
2.36095163478819,-3.15782636714302,-0.903053111288837,-1.84780137077421,2.27514697824702,-0.00575856030591765,-1.06672223979623,-0.212382640910261,1.77922230679183,-2.09982060119329,1.35521170968155,1.22319969194274,2.14525639957036,0.168159174526904,0.410628491207424,-0.464964197953195,-2.85841785853979,3.94657422261228,-0.183456243417626,-1.75276920855508,-2.26328327817848,1.57985577609036,4.10996690183112,1.97978042821521,1.20876862712498,-0.974954442084606,0.461941446250075,-1.17783063275862,-1.90097350756992,1.00977940363065,3.74353028303294,-0.959153503878314,0.136388935756446,-1.16240336264011,-4.50382516491216,1.61409682156342,-3.09489996737982,3.37630522936966,3.88420480732305,-0.628715751702768,1.89171870791709,7.17679751715583,3.32081828450861,1.1319268217067,-0.723120468173511,1.54587193381943,-0.166635517421763,0.950899702016014,-0.868605564560743,-0.445255333184379,5.12079555644839,0.37915859297864,-0.754004919861798,-1.18131991539906,0.522509625230469,1.93432654529141,-3.89414330746948,-1.95991341825772,0.561805949257002,2.36336354182499
1.87881312665137,-0.846788128759559,-0.783583894671985,2.12942694254215,2.34575756778183,0.219935805367433,-2.86917926123323,1.92206335799107,0.443309636458955,0.20972611380138,1.96948298587918,-0.383975287102914,0.510459490784509,2.21034633128813,-1.1981281388103,2.44876693454312,-6.52482156215115,4.19145195195744,1.96737793038451,-0.260265447923384,-1.34926216719955,0.361151920443027,2.44371514818513,3.5148647767691,-0.336774341961054,-2.05557454038273,-0.426954358859832,-1.07463281997802,-1.01823343752604,0.0249242090906853,0.0899011501091719,0.323532141258041,-1.18729105394305,-2.44345725590886,1.01999468209187,2.8838287046074,0.192794808669981,4.1116277745863,1.701722522962,-2.77376207196009,0.588197709966564,6.44982478236492,0.910653291762035,-0.853962638751852,2.97938059573023,-0.392420506814989,0.615593597350618,1.95317161451475,-1.87623223551997,-2.15660105269928,2.9054706384159,-0.0638318879945159,-2.85746780524668,-1.2904151304148,1.70111798320295,1.65121320089879,-1.83004003861686,0.0197018146343892,-2.50225141338222,-0.246407398418469
0.58866181992044,-0.229250096493494,0.875896205451718,-0.856881317460188,-1.05034835063221,-3.88764677871523,0.484642365153441,3.28434533229745,-0.126682513474644,3.45571903304249,2.4841668986473,-5.13633279631388,0.486030188912263,0.102508554782073,-0.0601314588512581,-1.78774318625323,-0.24690032124937,2.03433043041899,-5.31026918687715,3.42955328739425,-5.88792137222652,2.56265009133001,4.0112482317405,-0.563335675118456,7.07869099939828,-0.810207045994418,-4.12528944009394,-3.4254243253511,-2.92040400262754,-3.55752087706723,4.03189119613528,2.84496565568577,5.29834996018788,-2.89663590206485,-4.49357102106728,-2.11871647380988,1.8073375735292,5.87399749797441,-4.22965748051977,1.43724465525454,1.39374424893074,3.80194954752554,6.43753004053173,3.12900229577666,-2.77285579030427,5.68570438018543,-0.543332127595125,-0.417135021096778,1.96319247759049,3.83674993601823,2.74843854307648,-0.664869478091363,-5.37809241592871,4.80693942270294,4.60204548353291,2.42708827579691,-2.34118096072067,0.35194436618972,4.49418465463269,-1.37488849283423
1.69235497054525,-1.49714276764619,0.0840473280166212,-4.0623126589653,0.154888797597885,1.2789419387442,2.35952814492276,-3.12575888287858,2.20572450123297,-3.04812766510491,-0.44106282598412,1.45579778036286,2.32703924320569,-2.52318631797123,0.366039148375392,-3.50238010666999,3.44776940610758,-0.461110786724122,-3.32494619443818,-1.95072912270146,-2.05353675187063,2.5259871165412,2.30514267264459,0.619232832422441,3.60260444851046,2.47449036606979,1.63927768832483,0.215450822601992,-0.699822778463942,1.21020407258807,5.93534449524372,-1.04818082467195,1.19046141868514,1.65398329045357,-5.87871435805911,-1.73642074422365,-2.82351622856611,-1.28703714423197,1.79342155964648,2.37754776414409,1.60621379579638,3.07423321587803,2.86234927500885,2.94119094534149,-3.44939942336008,0.85435570370657,-0.636388438029954,0.918535625985097,0.411785657900626,1.92073534399378,2.88872631268602,0.935738374262374,2.04319656736928,0.194412867974351,-2.27319986044314,2.66346349745118,-2.50087825888058,-1.19540086083649,2.04186388668492,0.836235800766377
5.93123065660365,-2.5049015926084,-3.9308395867544,0.49888226347533,2.2803485953012,1.691161757727,-3.13290185333877,1.27823361879697,1.83538033281379,-2.7345219375597,-1.72293488256094,0.457208536478162,2.5901529577136,1.57437700828318,2.31233852526215,-3.41519998531549,-7.5495544191076,4.28602227677799,2.26921354890015,-0.162902016054826,-1.40870238745435,2.42628460254425,3.1206363451788,5.41093863303244,-1.6860951159121,-2.48253548050725,-0.717076446326529,-1.45565478832893,-3.50529811352405,5.66045470948951,5.37054106221574,0.512996587477306,-4.2902089863408,2.32334440171242,-4.04463552590066,0.793129851259132,-1.75585837279128,-5.901032805104,0.277391557922865,-0.803164256329083,1.92238276717866,4.61552011635208,-0.0526483368797883,0.889057212063088,6.89642197311651,-1.44777491197296,-5.27326676927633,1.36165147677176,-2.74276339804328,-0.358290663369273,7.84247025858722,-2.89896668781297,5.39205997715151,-4.84362235862095,-0.6088209953281,-0.289496244500595,-0.440960113500834,0.901694863969998,-0.334921435622351,1.44110938438001
2.06027853922346,-1.20189300109677,-2.41249895487303,-0.15525232847329,0.394276703153782,2.97735402343375,0.314659148224686,-0.868460007133277,1.41158265327959,0.0320828331068201,-1.88858135924316,2.06174865471595,2.66654541944091,0.211710914285003,-0.407317398850268,-0.668401458472718,-0.940232744091893,-0.534376088208588,1.7432524312606,-0.893327742249085,2.60315321955886,-1.03105496525675,-2.0809921850047,0.842600995166861,-2.22595789606656,0.883557917472336,0.0777688213677601,0.423483318699415,2.35471033812892,1.85551268304901,0.41445735871424,-1.53954310770457,-2.59164339366288,0.621453808473441,1.29263526716506,1.14726378074378,-0.958812987841371,-3.80833836504103,2.08883931910402,-0.975465449217633,1.20340155877326,0.377982025686242,-1.17473580235105,-1.93358407883281,1.92516896643,-2.7145852963551,-1.28983731162017,1.3652231626373,-0.43189341160448,-2.62869975837817,1.78300037325058,-0.260150916631449,3.08435435644912,-3.68523265273238,-2.28119612610433,-1.2964130638057,0.429616695154753,-0.136151191788731,-2.52602717103544,0.826128578184005
1.0094344218472,-2.46926188512619,-2.01906527313517,-4.37950408531264,0.20058643967003,3.55282797900415,1.70710603804758,-3.96387077733517,3.26652599218742,-1.72952338421945,0.508774816583892,3.80536903818865,3.57442014433839,-0.518745688118643,-0.715999504913823,-1.88011415540951,2.83453899356533,-1.53852622691925,2.51467879371963,-6.15989428504926,3.17296011223269,-1.99481264729737,-2.07171341997843,-0.712364969493745,0.68573165392734,2.4619580949963,0.564133915363002,1.71571424770457,3.5156628575988,1.19584579457653,2.53103906394452,-3.6067303369453,-1.53423656329757,1.28423487235522,0.78964780933255,2.26168790310999,-2.64016821127159,-2.68034800494102,5.90907227379929,-0.47535120095098,1.13564590661818,4.96311216226323,0.89524523564762,-1.77014162959459,-0.141776356385551,-3.65038831303209,2.18431889073618,2.27361349227111,-0.688072600486851,-2.83537697809195,3.65658197017387,0.252928786727135,3.36581944457268,-4.65139990946714,-5.14035239930853,1.60762275982834,-2.48416792866314,-1.98832611958362,-0.378630700561136,2.84314797023206
0.0436793678144293,-3.33087508778417,-1.49168256928109,-2.42639601600881,1.19089970631776,0.783260835481406,-0.625319049817672,-0.621344363236704,1.90131729241326,0.531953871182257,2.22922352287109,2.18583956941615,2.90741713207472,1.40735397818953,-2.20817673748507,-0.163507321568802,-1.72608260010118,1.28182178288174,1.9861190723608,-4.63667790122028,1.10157622227998,-0.754796508188495,0.97512399061508,0.279889266898597,2.36616610416908,0.849969335051985,-1.61566079530398,-0.143717376399974,2.61487138526502,-0.396336028527488,1.6013540990061,-1.62261861743296,0.649437497990887,-0.617635529523062,-0.353093667957024,0.646051864049674,-1.86475786151086,1.72411351497498,4.80572099009791,-1.46908428594459,1.49747544733793,7.74088161514706,2.93202676169418,-3.25306969153549,-0.0317741774642626,-1.94128759697706,2.04997407730145,2.56913607768304,-0.403556750621366,-0.712229570734669,4.1514973600587,0.00528081946271874,-2.43415983347462,-2.85773670800314,-0.568603021175658,3.12552698181028,-4.10726624918782,-1.84093386570485,0.0939989999333929,1.27736588834197
