"V1","V2","V3","V4","V5","V6","V7","V8","V9","V10","V11","V12","V13","V14","V15","V16","V17","V18","V19","V20","V21","V22","V23","V24","V25","V26","V27","V28","V29","V30","V31","V32","V33","V34","V35","V36","V37","V38","V39","V40","V41","V42","V43","V44","V45","V46","V47","V48","V49","V50","V51","V52","V53","V54","V55","V56","V57","V58","V59","V60"
-2.10335210906692,-2.50919079645185,-4.07550332284256,1.14825353294004,-12.7249835673144,13.3809684348203,3.01570293310915,-0.636013625978854,4.94128213122665,-3.34857808052918,-3.03282696598831,10.3264767449793,-0.497531944896132,-2.03588478439557,0.0883608242435026,3.27987035313963,-4.72877800853647,-1.90658978470375,4.96554709330151,1.69558379664016,-6.90408576113658,1.47898990501659,4.16037600792246,1.25058179512197,2.14135900610224,5.74137679546146,-1.05588246201859,1.71180781055377,9.64232569711689,-3.49000204151424,-0.250078159723999,5.50472270096804,2.37253668585082,-0.779503964426057,1.88131425280355,8.14239700021395,-2.52093993705971,8.5728946823061,-0.322531680839023,-7.77479323649919,-7.8362704343049,-0.972779622880059,4.66603275209414,1.67905513480687,2.44496707149074,4.57340450231479,4.51349331415111,-4.29481644829544,0.862921833011249,4.34986947297532,-2.30882217686989,-4.06914172221835,7.39494666952428,3.28616926223254,-1.61831602845415,8.33823773156473,-2.37022987324228,3.32113709412694,-1.23587900393395,-1.59224492417538
2.63717415655787,7.87210771312076,-5.26996618279428,-7.02344248629028,-1.67637447099695,-4.70250049521407,0.402955711795296,-3.43416329152864,-3.01739544032695,-2.45653678386663,6.01414509998958,7.6658071024154,4.54934035121105,1.95392838213029,3.27092648223818,3.89643663285668,2.31107840438151,-6.19218756092899,-0.779096891067398,5.21578104277497,-6.85561845611745,3.05868202510776,4.37442733020636,5.73528381465593,-2.71576338423855,5.48127220030976,-0.744878195907687,0.840525770662426,2.74654971882454,-5.43507194521486,4.56207979549815,6.92155408873891,3.61873451267545,-1.7057114978682,-4.10831949881912,5.59213672775005,6.37993601649651,3.33504468938846,-1.00041002423986,-2.80033948445378,7.13643308616189,5.12505283237323,-1.97327008823032,-5.53133839033293,-5.68452713263723,-1.28520173451714,1.99412239228842,-2.71900253192393,-0.481098338720805,4.40154702804842,-0.368145994203831,-0.115711528757621,4.48356014860251,1.54509668157117,7.7694329126421,-8.59510468578188,-0.883308083551404,4.04557492656166,-2.38479451739462,0.0933895104727952
-3.15794817387502,-2.45067833445724,3.4178649401738,-3.51639717596977,3.22168736838723,0.665518922809601,-2.33936564885523,0.218799050011158,1.25771948302179,0.948469493968022,3.71416823950689,-3.03612316274465,-3.65618543056001,-3.1383672736295,3.06698448634124,-1.94294743064559,3.80256932303596,0.60766095310382,-1.14329754311435,-0.299345380804602,0.353023358485978,2.18015572170411,0.563380593910966,-0.295064957799036,-0.570783304725527,-3.95615370673406,6.51146001435709,2.77873663839466,-2.11872465642352,1.64193612083115,0.276688640687744,-1.29082836991792,1.16780879788077,0.573633042539568,-3.81598309480878,1.0194975522723,2.36025777141198,0.222494280361699,0.0841466161900901,1.06125641541515,0.78563462393624,4.94759504042495,-2.60000147753505,0.0526632538402955,-0.0266886723058499,0.870818172866948,0.922453593409264,-0.858902950717074,4.63303731347863,3.751382252226,0.090661213657062,1.9165538187355,-3.50812767754335,-2.34313177413016,-1.02339722638771,2.77602683647172,-3.04271166296512,-0.428251512147563,2.42755705438771,1.61721656223124
3.56537883801177,-3.01597436533109,6.39328854912901,-3.51236190898301,0.313921092664758,-1.93817953781046,-2.39361743940762,1.90403638972643,-1.00782992210477,-0.785507439393538,-1.24073032726626,2.71107305903197,-0.161990430389628,-0.962905174332831,0.181455963541053,-1.84093082084079,0.111313610880122,-4.23072220893186,-0.233404247249485,1.80775992734883,1.77877713721752,1.44772015600822,0.78178545079432,1.21268280647428,-1.36834560054564,1.45543606800868,3.69976144997991,5.88957922266419,1.32223783610256,3.57383451391287,-0.750727829699967,-2.10813010120356,0.0308473575029529,3.16303149811077,-3.07022842201691,1.33160316023671,2.75189911506722,-1.40080306560081,-3.97438972484669,1.32975376103036,-0.681569361668741,-0.902069906489801,-0.383942442809006,0.495871940443497,0.0398571346593721,1.63048916711577,1.74655407415338,0.14925277857744,4.82895843292515,-0.131827477351401,0.252459728289818,-1.43033904101414,-0.0491929317586096,-1.3782773906249,-0.270403837617645,1.23955238525566,1.66032956510955,3.02962793440839,-2.66833007501593,6.19627368322195
2.74086890419768,0.486874125732917,-1.41222665859269,-4.14528758189734,-11.7817753195264,-0.388829666453137,-4.79397444373881,0.618682823809604,8.53916789787283,-0.955322072033185,2.55356237660392,0.586720715392695,5.52219372531369,-2.56881921866072,1.03017323799618,3.83996339908793,-7.7998456657879,-6.5680650131597,5.06225722674452,5.64360425558911,11.1818846475727,0.67237343112485,6.57366884699512,4.8480203493261,-1.94379327990065,0.265476484245041,-5.37726532930778,1.07434878159627,4.06872925829556,-2.31826532441146,0.89053033210063,5.73433396758972,-2.20730438537756,3.60178476227888,-7.22578945369659,2.44132096223428,2.12319322751988,6.75568582404611,-7.36654463705273,-5.92477964105667,0.624957498736147,0.590584614542684,1.52095787959236,5.22585690808047,-1.08851904156397,3.39190145554147,6.71147839043197,-4.87948923378095,2.22870713993091,4.19424906867533,2.89205923900574,-12.7206905049769,1.66791610482057,-2.79497405861922,1.44074240578723,4.23626039513062,-3.17417195164796,5.57595834578149,-6.49382470993372,3.39908325160809
0.466926229627134,3.69695929716564,-4.0609518406405,2.25513970187934,-3.56718524017139,1.57699311379547,2.16525982876144,-0.624638007081546,2.63191834282661,2.40848891771614,-1.11901296735835,-2.6383921601226,-1.11060555947907,0.867547546363603,0.421692423865101,4.2888693309016,-0.888866318304865,2.99971415760281,1.07977118119858,-1.39377039652938,2.0339040484565,0.611215924180134,-1.05572156900634,0.408707993063762,-1.06968879221207,-3.13023927939531,-8.73002153751676,-7.00726648845994,1.58270743159352,-2.35580980818105,1.62224795877095,5.06510821536902,2.81741065209163,-1.83246043184507,1.07115302181438,-0.298010285942268,-3.71195812190301,0.281798082805439,-3.1061974358835,2.74622066248412,-0.320641242563336,0.324306333640532,1.74681195144479,-1.06196589719288,0.429128682870217,-0.632228226914012,-4.44510038449575,-3.14704868782588,-3.33218264185744,1.47250535437822,-2.92971137983094,-1.25065861758104,0.125186239214305,2.3048322560658,2.09119824136744,-0.23677178550026,-1.68186875301749,-1.16405111690003,0.577487600311548,-6.30550739458205
0.328482591605915,1.6112482327299,-3.05036100711386,-0.946348149231483,-3.09733887492444,-3.69677741292731,-3.90166747910551,-2.60753044023801,0.0799622551037532,-2.45842734183807,7.28196080639257,1.91867924485299,5.98922987197655,-2.08118561759684,0.616558335193667,2.08644626545824,-0.639452652429086,-5.45792096363407,-0.205776407612383,3.8233620547072,6.96041587552216,-0.31106369442279,4.02170717932789,6.16671693454471,-4.93744648334385,-1.1924527262813,-4.06800280740276,0.421951170357044,-0.88900766990952,-4.87634842836148,2.12040825429685,-0.959412370255516,-1.81260232575807,-0.0284792161824627,-5.72433343587955,0.26600511102504,0.703383975806346,1.51167357388029,-3.42487463310954,-4.06999652488448,1.18183344182242,0.619477360848825,-2.1651661089327,-0.229862745822506,1.31108603334492,2.94065957856924,4.46535978551701,-1.63439224720221,0.381037239470766,4.24091075249892,3.80393182664033,-6.95506954016059,-2.24738941344985,-2.12668696735357,5.51183112960351,0.0536742009088031,-2.0268607573053,0.550025608996445,-2.87305808756811,2.95726226040239
-0.878134875467312,4.56013267561726,-3.02654226290883,-5.07408527436072,4.00675085598899,-4.33051889970362,0.706535444866145,-1.828612988586,-6.00095025180165,2.17387669085273,-2.22302433716382,1.37072627799706,-0.104704753436888,5.28639413898515,-1.7714019950988,1.97736852303949,-0.885908223325933,-3.12417032418654,1.04097492426429,3.19511453157903,-6.45036607447716,0.69916662670942,1.84577049721541,1.11049394549364,-3.26467912823689,7.22877159417092,2.61263415773687,3.18933682352217,0.713199495700334,-1.440052280516,3.05659735160028,-1.76835037971725,1.86447404100362,1.42336214915243,3.890294087222,-1.00378346371684,2.09228585446467,-4.8499300507402,-1.60831363588054,1.59327635503635,3.06970524538448,-2.32046065819599,-0.214918311067513,-2.42666523943656,-2.90858776444026,0.357474921162913,1.05318923544294,0.271486427476875,-2.79384109327323,-7.34536337306321,0.63675473889767,3.09707103858385,5.34024686783586,-0.261167976928214,3.91178813735453,-11.4459456908406,4.17255189471604,0.0361882928529824,-3.73539212750787,-0.532642817675474
-1.85582092061779,-0.634604873242892,0.829202992693062,1.3699971162921,4.75684797882703,0.425658093918222,0.0219182134841451,-1.76143620882541,5.16263049476535,6.29532437999008,-0.797472942816476,-6.48238589050484,-6.52847904627338,2.17989821569188,0.582800710779452,-1.03711417216458,-0.0862387414077819,5.48364132813938,1.13391768462095,-3.72900134498711,-3.3303982152298,-0.559743448463934,-4.89369177410722,-7.13962780877589,3.76643827853936,-5.51443299235072,2.29120296608127,0.642808921026044,-2.29956141440452,6.14772821451311,-2.73608896973459,0.916173226337025,1.34430104272896,-2.11713744814774,5.66549358944992,-5.4184996745607,0.509476823501817,-3.39912540505618,3.60282001765954,10.4256328201638,1.68967301283351,1.22846085087789,1.13457564820975,-0.563734597055933,-2.4947593175686,-4.46675431662738,-4.93678276111409,0.307433815220513,-1.33236525537136,-1.63226197842917,-2.78925349430551,7.45097610668722,-0.262742287815425,0.999970528443121,-7.37014310905095,-1.31644985513812,-0.67066680137959,-4.75675499389351,4.66792593369159,-5.54361630137243
0.529616090869339,-1.93976180203776,-1.52018412536568,-0.719990278972017,-2.30755682220729,3.29352135476992,3.27468921338065,-0.958763667281918,-0.952198775525835,-1.62120812329691,-1.42638671409701,3.75459644091469,-3.84624444503141,-0.603801870090195,-1.16266020949773,-0.777646848099538,1.60085265296993,1.37780758384324,-1.2538296885976,-2.75562684828206,-0.849073175131332,0.0751179702465999,2.03427856457528,1.43712759620629,-2.13355260102357,1.21246492441545,-3.87400565402191,-1.09751706251463,2.39941061517845,-1.67412155728056,-0.200058377802347,3.49750105348366,2.51642149125227,-1.72057852955807,0.722997637448826,4.76416583143461,-5.63731480758689,2.24352667134517,-3.05182586340297,-2.95020626354977,-3.48202099645985,-2.19312551382055,0.438735674445917,0.35595365524399,1.71720512744006,5.51308696532667,-0.187586685875258,-1.72306218663538,-1.26758195888539,2.439630701764,-4.28479187313854,0.816920967154487,3.8699260146421,3.77762220176593,3.87171239950455,3.25173510968479,-1.24780455057214,-0.837315517343751,1.4422928417754,-1.95162537486904
6.03309532825298,-1.30729025463278,4.68459470167833,2.71671847156991,1.23299176483442,-1.2664159002209,-3.30046446568948,1.65787219094141,-3.80833801100874,-1.60697941851621,-0.791818430893506,4.85883866554628,1.57752023079276,-4.17832753188577,1.08348667541183,-2.33153863758211,5.61869848208854,-3.32962638405098,-4.31236196528929,-1.09063687835908,-6.1401100180375,-1.63906682963675,-4.10141111342613,-0.990407509145727,2.1854156554482,-1.41384500205816,8.33067201741883,5.75481617668894,-1.45015725859676,0.681316837065811,-0.286867826279309,-0.54906133120848,-0.509752440357232,-1.86978133233855,-3.55908044497108,-0.306272406398327,6.90865423935481,1.58680800238289,4.94397472809548,0.987673705608874,-4.70430815422887,4.26611943987858,-0.295445007316566,-3.99348173658737,-2.00017329603678,-2.65314743266954,1.65581897573578,2.2429234896124,4.63979958632929,0.980499040398203,0.954432371418344,4.19115686041452,-0.283909983593954,2.3414845947425,-6.03561034030465,2.29696003189606,-2.31981843113416,0.991957254553429,1.43334154422554,3.5852142363144
0.560650933768203,-1.67538749520016,-0.834554975605503,4.49942938416071,-1.57383182565253,7.26358301591012,-0.106851889146901,-0.213907293724306,2.03507721090066,3.86180132048618,2.17264973364287,1.35120845933097,1.46278880614022,-5.27940868890245,1.08874559751421,-2.9339897561739,-2.20912871591665,-1.33316840015627,0.326216058381714,-2.46707571506205,-9.67628736662019,-3.92761228732965,-8.78893535192578,-6.43738983916607,6.87552574946684,-2.51873986202946,6.87546723961286,3.04745691478832,6.17539004168133,0.999583352239924,-4.20634576118213,2.77947329135289,0.516846893989838,-2.3492059781714,3.38763349075298,-1.01638714864975,4.30499383527031,2.64502620210147,7.63100114941375,-0.290045418422012,-6.1248524716912,2.61286515517478,7.17423146010911,-2.21803520083135,1.1091064697531,-5.26519080303286,1.17652432068663,4.1813114856055,1.0387491682137,1.14111251031467,-0.128090485575045,2.255718339448,3.97554776442791,1.95546432661548,-15.316500411297,3.78069614670302,-3.54547291783011,-0.501393868097604,4.79619335825402,-6.45073775869727
-1.39257717626799,-0.37686043853146,1.20659522583738,0.826874277525718,-0.714825531733781,4.19828300558127,4.86789878159234,-0.553990879043275,-1.71540897811666,-2.82753217429827,-5.74886714027439,11.2086098046371,-0.886544893883749,2.11196602921584,-0.195175279582233,3.66353333298016,-2.87359758503468,-0.823537557459171,1.26268816771775,-2.48794880828212,-19.9699470910513,-2.39944926584274,-4.8658976850867,-5.21055757752184,3.88663785513938,6.54876060297718,3.05935436889128,5.1180765979767,2.89697446389328,-1.51394916796337,0.263550776371381,2.72808547371238,1.68844708184786,-2.66849237045784,6.44048909449285,-1.29835066975216,2.01590682354982,4.0049004017861,4.40558111073235,1.05483263967636,-3.19721774382475,1.40319382137395,3.70189047443972,-6.65052058754868,-2.6571597192158,-4.04039198602617,-4.94184282786248,3.84345049851298,0.234747990689313,-2.25058240838193,-2.87634341266629,7.62145931985242,6.85398104481344,5.30982690128406,-6.52439970252187,-2.51258558028326,1.56978291712785,5.61304517327375,0.722285793665092,1.70956310695612
3.49864931679083,2.40870441481683,-1.85127739730609,3.57993853429844,-2.40594494632701,-4.87927553385428,-0.45189865487557,-0.673767147267211,-1.57494185330001,-2.28698343576598,3.70176575354645,-1.33749482657415,4.2491381425285,-3.8212095380751,0.972467614740501,3.20458357960494,3.4515319921253,-0.926118232001151,-4.73259710971838,-0.275099092112182,7.32135521784723,-2.72638342973625,-2.03325629028703,6.62099931092502,-1.8613788860883,-2.18941379874392,-4.38638764110938,-6.42388028449283,-1.41581609077278,-4.15308222245433,2.72060001927547,3.09913209187756,0.17766772547972,-1.51844395580734,-2.67332129000436,-1.99420738638,-0.064605570181077,0.472029918702953,-1.45349796360215,-1.02360167196335,-0.374246145963384,-0.254028766721471,0.101086825798167,-1.73922614341854,2.09679940043126,-1.48146598903623,0.139165316078801,1.06065105654299,-0.915692927117691,4.61127230338644,-0.597927363233556,-4.11352636073474,-2.29846847115249,-1.08725785448131,5.19795830797757,2.37864603004991,-2.92002653398041,-0.0132562752282415,1.51617489757328,-1.78259808178567
4.25509635545145,2.96239879825214,-1.06344229637914,-0.76387306066933,1.8183670180943,-7.00061428479791,-4.07315703085832,0.000885831871595799,-2.59519561384174,4.22996363992748,2.57811798870025,-3.26453997706245,1.24385892214576,-0.662029024723572,3.23034008528981,1.05579556994898,5.25902838875359,-0.48630102118998,-5.63723828220205,1.39359349264825,4.93381329025627,-1.95977119359548,-2.13843689264742,3.75301182733461,-2.16856656344553,-3.60578525847119,1.95564593489681,-3.471621583828,-1.30058998194945,0.536352946109861,1.81141799804264,-0.696068309555364,1.923921902558,1.14330568700576,-2.92150531077987,-3.24734391799675,4.11462456899265,-2.99633171432236,-0.130202561478331,0.680834592275678,2.91697370636885,0.566847857248297,-2.32383292562199,-0.124482994563034,-0.565746940349468,-2.35199491931059,-0.377815056426455,1.22732517878309,-0.518117653916721,0.741261814248229,0.0285385250453751,-0.0920776593441326,-4.2437419484769,-3.66597926546847,1.56076057567888,-3.11330526318401,-1.0057621459699,-2.61459416751222,1.70399051678444,-0.331099830209827
-0.299964784763771,-0.458024687046941,0.0130573777785786,-1.67937740266888,-2.29715580578804,3.94051559250912,-1.48628694504268,1.02604068293413,1.10910608382814,1.82856805493647,-5.14757760882118,-0.496163818190034,-1.33732927254349,2.02312489245485,-0.743846700760002,-0.724409796891993,-4.32428264546127,-2.20413941273174,2.57297643249661,1.62286545799028,-2.04255740670694,-0.394952450474872,0.915838432431674,-4.54943097592775,1.28656707738143,3.42526835798003,4.65839621185565,5.35275068761904,4.87856345754404,2.95709022419902,-1.98759442896616,0.39729298346516,4.40622960909942,3.64159812831887,3.45984144289537,2.44041454708201,1.69663606604284,0.546539787800988,0.0700122355072991,-3.18869224809962,-1.69990478870888,-2.15817689048218,2.6543835569121,2.21640805990112,0.709830044935233,1.72834807976213,1.55650785478328,0.451637813601915,-0.222861618357154,-4.41891631528958,-0.727585841319748,2.48530056413827,2.122121801483,-1.56825629093755,-4.67809851605995,-0.59227150111422,0.92821854981856,1.06487184952999,-2.26690014528264,1.39280956145927
-2.94195683648935,2.29223292889177,-3.37988609445462,-5.03825536473361,3.6604255881634,-1.04057320569768,1.77712828398407,-1.26474500456201,-1.92187954471473,1.37381750249554,-2.56522315120428,0.389685205808728,-3.60134941882595,4.45830826479767,0.750628996336587,1.70850055265722,-0.134498433557943,-0.923288800118459,3.62364267353197,5.02530900986974,-2.28094364056576,4.04516748617979,3.04797510222673,-1.76165359290809,-1.79419018763188,3.297721394049,0.0670412513421049,-0.922162895034121,-0.531566744514556,-1.37502242905439,1.10746036434452,2.25057752417825,2.12079714203133,2.16644827305761,2.916779663139,3.37730226236714,-1.46987867295759,-1.57179966072101,-1.66135708711294,0.602584145374198,5.58945367867622,-0.521124672526634,-0.862142561670078,-0.0801344103842335,-2.556756272194,2.08578644670424,0.239434995410691,-1.54925721547254,-3.80558390676742,-4.31408203161326,0.131555952601382,3.7439860389765,4.23912959595522,0.729068530358958,6.08033166851628,-6.60733365492621,1.70202821705763,-1.11058410884428,-0.292038154234038,1.547346773708
0.858731616548861,2.44748604543861,4.25912544457023,-8.1018050381522,4.30084628303495,-1.97368561120275,0.402043943434998,0.51046970792123,-6.47039297015161,-2.24336998452578,-5.48393878657283,5.03108487772936,-7.3200363050263,5.48793639054029,2.51808665437479,-1.43391900566429,3.72755416661089,-1.32900556032995,0.170912570042989,3.44746242175315,-0.529030397842032,4.75940530215,3.24013175605282,1.62586126697972,-1.28060552082313,4.45422451844635,3.63040236115378,2.53384560320525,-2.0265819770528,4.08786069960058,2.66745524094172,2.07705602333691,3.38764223789626,0.956403155398407,-2.73405473630473,5.48423436124688,0.837157108074511,1.23552122152823,-4.20557803655391,3.59698691061612,4.47245748293278,2.66912954750378,-4.35277981719033,0.0927969744943221,-5.43239941504657,4.72817041402915,0.264138050461626,-3.23883566026976,1.58997738514091,-4.70480890404877,-2.32556360522095,3.58101941689124,0.0406488881076139,2.68344096045601,7.9402254095203,-4.22894131609854,2.49981328718713,-0.55824584809402,-0.508624308734351,6.45469747455202
-1.96689460952476,5.32931252209138,-4.53907947138564,1.95618224589683,3.12095316584829,-0.941849060492992,-0.352601606201857,-1.54748915305579,-1.22012468554744,7.3385089764286,1.51448094242224,-8.05603524046656,-4.93207128765559,1.40593735844854,1.26179688527111,-1.53493921953665,1.9210384923326,4.41048405616442,-2.24043740602466,0.179610913189442,3.11029842911165,0.889640452731575,-2.46533338042172,2.60712782304087,1.51559475353707,-5.97055311758949,-0.563397567200692,-9.01369349068693,0.119131525438338,3.0077181866812,-1.17152236831007,4.60504675645432,2.81082407548659,-0.916219342720918,0.108572235764864,1.04196782011412,-3.41963795462612,-1.78246883660906,2.15902300981169,4.02312114614846,2.66887998671684,1.19294000583698,-0.235980191633175,2.024675497987,-0.580883818997104,0.826826223893229,-0.414005120929067,-5.5440999177415,-4.77352775953052,-0.344486285804363,-3.30297631865162,0.529228761666803,0.867033021906871,-0.603612843318108,1.97975087927653,-0.8668151320967,-2.0185336808805,-7.80639491596416,5.55855816792374,-12.0973040389692
1.68721102780155,1.60721470338696,3.80454951332311,1.28873659525223,0.679711896731266,-0.231351226697861,0.892197657479534,-0.324750831717892,-2.31362868966866,1.16221177340042,-4.07846168758785,4.08125536236715,2.47771091089175,1.26424067352863,0.306214454124395,4.4280408603746,0.851370414344974,-1.09410958788458,1.79660451684473,0.0777837799809518,-5.3325520282964,-0.21824350481641,-1.54125097342415,2.68937600117038,0.785385561498367,4.43729058794677,1.67293704926171,-1.99642485676512,0.591796827225656,-1.5446668127315,-0.520901847831284,0.983944121915397,-1.44705098739779,-1.5942721511989,1.18338913700723,-2.76315854454962,3.63833733477543,-0.156298428990653,2.09636451295217,4.31032332305664,-0.245198926407653,0.0529178136065028,2.25828480778798,-4.14740881961432,-3.8319398058601,-2.15865184126181,-1.53734859119756,1.60594886838979,0.880828423399646,-4.98982352264798,2.68314616853698,0.702366623176808,6.23196011744593,-0.110631250950668,-4.47447559216551,-3.10012790554155,0.614834049221202,1.38899991267998,0.15226388399341,-2.41567357272931
4.23126539246477,-0.612252635418878,2.63720235430599,-0.0167552265216899,1.49112341262486,-3.07012913920888,1.63351095978263,2.51484500917962,1.50811979732686,0.432347795032953,-1.08021769338029,-2.09715603752855,-2.49072840594085,3.1804218819407,-1.52712706526015,-2.91109409766966,-0.439713366074953,2.18757618206983,-0.626809699719428,-0.666895214590802,3.47979591304315,-2.17256735330092,-2.99214023587192,-3.36748461101956,-0.423861098086621,-1.90711793939935,-1.08605193459419,-0.0939087199836905,-0.540985723294698,4.25363839528113,-1.18512585814917,1.6665538058796,-0.0450766833623542,1.31684473311038,3.0156807357524,-4.6970899525785,-0.188812243197697,-3.13670483205895,-0.500925693480049,3.836849609412,0.99780107073665,-2.17450821652803,0.734961175709406,0.549151441945224,-3.46664348876851,-2.74270660956839,-2.40915280501061,3.19678371980012,-1.46764959235725,-4.2638162237326,-0.170502780632125,3.52162483699046,-4.12479030756037,-1.99319132120541,-4.68011434521059,-4.07292715907894,2.16594643146128,-2.03301838561195,-1.95332759392883,0.151515021634386
-1.13681063699187,-0.101923814765383,0.0873578178439689,-3.19897757788872,-0.27543098035393,3.94381081424307,-5.5784927549343,0.147978463754251,-3.48958862353106,-0.478965606502818,0.572072598648679,7.99702928282999,3.81653078300759,-1.89810937348247,2.11104421451051,0.367976662760318,-1.59809284902614,-7.55269659167475,-0.98308583089911,3.69018899306972,-9.46716498514125,-1.47790400264482,1.32820464567661,-1.30518311839963,2.13700705576053,6.06819265842384,10.2359035890997,9.5597445968903,4.82943998258573,-1.99659976408199,-0.010393659828185,-2.75839489278477,-2.18552264638225,3.43801485543069,-1.55924811733482,2.27860202785668,8.2489754430984,0.720476000752255,2.04492808926823,-4.90392940197018,-4.5152247058301,0.38269062307208,1.6734059659969,-0.786909722654461,-0.795812485942881,2.72264149757016,5.53996353664014,1.46196379368847,3.74663567809907,-3.36204739966212,3.93855218297151,2.1155356062711,5.55263456711712,-1.31040154500184,-3.90115156110896,-0.0408860468472741,1.28434198283597,1.79691514974311,-0.0283648650636231,2.50383395274634
-2.69476546128551,-1.10809886264128,-8.69915895651822,-4.63082855470245,1.31552976087084,4.76920008345768,1.56461857658385,-2.22555578574229,-3.1584186251009,-2.34584532103478,5.29963615931969,2.54000371937153,-0.58469007994963,1.29045546765814,-0.320104372995767,-4.74122819358929,-0.599150987395107,-1.30759873645691,-1.80216631884989,2.24998145309613,-2.56665518647857,1.37517896560391,1.68897208597284,-0.347633762180539,-2.38013943748207,1.78778511388518,2.95613662251645,4.58004535533931,5.89267973741974,-2.52975152802938,0.992686775523178,0.474448806716728,2.32186539325953,-0.197076876481008,1.68998711321316,8.93072849728366,-1.77170489032272,0.255606910283472,0.246752827268503,-9.64300060840296,-2.4796023511241,-0.278493957486687,0.0549395557627974,-0.289139775301517,2.97875889027149,3.8885964750787,2.7571545012436,0.441714203096335,0.155441615322283,3.85221044298819,-0.833738607564058,2.90918179150125,0.592406082317077,0.312322405244624,5.05304310651787,-3.71994250394502,0.702348009475206,-2.32653827991675,2.25730823061021,-0.70780009228185
-5.4315867899712,-2.11143587705008,2.36897096925703,-2.75714170938492,7.49390688244599,0.0157165130158547,-0.126485947565027,-1.33011816310199,-3.22903556149766,-1.42536584925049,-1.87048682001687,-1.14108257792795,-5.51033294074856,2.42304898875378,1.9285474874204,-2.98716521852616,3.77259913974227,2.80844407909683,-1.34782485655648,-0.500134601390497,-0.740593906711286,2.11147212796332,2.01867498608192,-3.34198349121315,-1.73632735624556,0.963335588119625,3.29734604462734,1.75310586386117,-3.60511512163898,2.75550466712279,0.735549748020134,-4.31778727288796,2.32404490500416,-0.667670472878195,2.4424392293007,-0.0324567735562535,-2.61762013085395,-2.2441930886204,0.503856332856891,1.01763038776995,-0.304949113810629,1.00245574303701,-1.6597424318531,0.863147942022475,-0.273627672538273,3.95510567208883,0.0504413793180711,0.193340092296947,0.034603692710211,-2.44323227959395,-0.948166026387901,7.09203610547632,-1.64180696626313,-0.469705839930523,4.26407249707286,-2.26581699017292,3.76426627750569,-3.9582110572008,3.76963024495054,1.41292778512915
-6.46966458206201,2.67459564439465,-7.25763571671936,-7.77648585918592,1.15705512771994,-0.582238640115537,0.697059723750051,-4.13487417573974,-1.31438549838528,-6.16513189670363,8.9719041607903,5.61210556427017,7.74807803889845,-0.436340155365455,0.667637140120528,2.97347538732981,-2.13499082124365,-6.23696562446878,1.17436280002622,6.51069800912585,-1.80088899196255,4.38985630491643,8.84893348687499,4.57686458387641,-4.35320111683521,5.2045565175144,-3.14701560509816,3.63618880294166,3.76079105280941,-9.94070642259069,6.32351551278613,1.81814622379125,-1.04808857610938,3.18323857245785,-2.87415672955803,5.27356980749621,1.38728649882717,3.72456032216214,-2.34294487611398,-9.48803898549108,5.49552852158325,0.97244471332719,-1.60903440850083,-0.52197351894215,0.699980484807271,6.86393266611025,4.99479632167322,-0.852734074903259,-0.39979280734369,3.93472439020238,3.92450351983098,-4.30238127566812,5.6510486326945,-2.17444923208411,11.9086804760146,-5.15647755853783,-0.23068837351861,3.65251476033096,-4.06898625283988,4.48100074878536
-3.4216054184523,-1.75715895322701,-0.370936890233795,1.1454002876992,-2.90743765135135,2.37367727117116,0.65322182409561,-1.02124820256484,2.54513472778381,-3.01061098713108,1.82146526959132,-1.08462661378583,1.28934143912339,-3.71261694426329,3.4007346678736,1.12094810986288,0.415643676435129,0.465448837506215,-0.641948292300903,1.68175753969878,5.55326055808916,2.06869062344383,3.64994345480307,3.12033578851742,-0.644241048131678,0.231697638703753,-6.15717108234863,-2.59413353196087,-0.900333533067068,-4.54106796901611,-0.574798328197472,-1.59916596848199,-1.11299326131951,0.399647305369695,-1.1858028708086,2.12771661114263,-5.66212727208618,0.918202581639439,-2.12829050962802,-3.52016294283874,-2.30742707678029,-0.606320081188801,0.749073005741848,3.40034240273704,4.01783515905365,6.18441091174741,1.57616825671816,-3.79163208022475,-1.69401708856659,2.28851418354189,0.961899057460556,-4.92246390860584,0.225182937860944,-1.21402050564251,4.47356655499297,5.85037312201858,-2.95845131178942,0.72388334524664,-0.000347058792749655,-1.2100741984582
-2.01984031939906,3.29549785387005,-2.36568935207374,0.516491020050988,2.20830075483849,-2.70489725293962,1.6926198705285,-0.674496209540275,-0.591131079720288,-1.29945641933548,4.29645673114217,3.87948937386359,5.76758573978984,-1.72307537817735,1.74843163101875,3.92954088718659,-0.574204305623796,-2.14117828500834,-1.23007377263621,1.66915867368742,-5.00047303076552,0.0255945550435958,-1.0935538663685,0.341743333140106,1.14025151434001,2.94240009517183,-1.91238828973328,-1.17957459340047,-2.97408253337985,-4.77995773560652,2.60567840401626,2.69216572284925,0.0726946710179837,-2.51809917508769,-0.906495570100623,-0.149493506467259,2.86177892916566,0.975361618077344,1.97759795309735,0.329601526305321,2.17949270067876,0.913820599872324,-0.141847294418443,-4.56569542625877,-1.52413045792441,-1.59260316170373,-2.24064216145663,0.61939808013919,-1.63475694436492,0.976214055707188,2.17927210472553,0.790838486448633,3.68886659030181,1.89338967509152,0.991351081105414,-4.08786236654061,0.693256528878981,2.76200524636704,0.499717429619922,-0.991088659791519
-3.41364629581048,1.46718238837196,-0.985624451681924,2.57339053883952,-2.00202568314817,4.55809199100413,-1.40052683275267,0.497587991432178,2.68087166837509,2.76023984853246,1.96024889120265,0.309038144518805,0.767641402052733,-4.45311821875334,-0.677553982411053,4.69728693548458,-1.13405964578812,0.317413323292061,3.08755066997527,-0.951086022856481,-3.49986977481288,-0.243979626905745,-2.99776378222916,0.980126085918114,5.36254542164798,-0.894509720773619,0.358296095376193,-1.81395513012672,1.29684477056299,-0.654677667934695,-2.71817906759161,0.264418967293628,0.508721362762285,-0.453238607666953,0.458317163383733,0.800869841746922,-0.19677054983629,3.7969409975481,3.94828958201609,0.139434677963365,-2.0124205806535,1.60950924905971,0.690870519808717,-0.181626270919772,1.32374907645725,0.690030213441326,0.796974735834229,-1.23555374110407,-1.42154255551537,1.90419200666316,2.13737670477094,-1.56145687357588,3.73576405552918,0.0749337264274805,-5.0327756380134,6.08422949379936,-3.86477842246923,-0.108265545473586,2.40374824616555,-3.00928371912207
-3.6139399561599,3.45968058614956,-4.28017060267665,-3.50177187304854,7.29858486086536,-2.38823006925541,-1.71445696531556,-1.08382336890759,-4.47521550032765,1.22274484784811,2.92745024407566,-0.648860060644012,0.788388144394598,4.04947093561073,1.17312022634857,-2.60738208633067,3.0267997220177,-1.3866769095427,0.227648179970126,3.06177022258805,-9.74211273782531,0.563366422205533,-1.81485881129785,-3.44161427655436,0.155628097032743,1.2183629094311,11.0339563736062,5.40352600403788,0.131030356149261,0.11423134007004,0.41355518717032,-3.36876025481148,1.39858332948654,-0.369506199583552,2.16970204127198,-0.396557777716294,4.08561818829639,-2.12777533141165,4.68314728859094,-0.583424881322354,3.94942385403831,0.674663229899468,1.5913584952147,-3.00196735335397,-3.65821799417427,-3.0692813483273,0.869197552032414,4.33050064644353,1.62525929737662,-4.20374560007764,0.839890254715366,6.17141897084852,3.82936572821857,-2.71739340539979,-1.57722289559699,-7.35683936512345,2.73320938275903,-1.22202724487272,1.04000442255176,2.20330005337744
3.11689903263406,-0.609698858936198,0.425271614277283,2.43051908800504,4.17467298587093,-3.0659882908096,1.63130816633483,2.14888513332425,-1.31623051306367,0.13178475558347,1.71781962100689,-4.15111137602083,-0.0804817010667262,0.792130013651203,-2.29204388199879,-4.47166770390443,0.820714118141815,4.01433073357255,-0.69737939793152,-1.42119426641487,2.29224535999635,-1.35715243158284,-3.48002092942286,-3.21471185765728,-1.82188476260999,-2.673858197089,1.24633528324685,2.15021889171497,-2.99385262650698,2.8138863180546,-1.9497772283275,-3.71520976753243,-1.18642425779577,-0.232038578436418,3.05730224279549,-3.60749217031552,-3.13420606517086,-4.77520828763462,0.382559922400352,0.450126910143521,-0.212392712560209,-2.17018109974513,0.298041255268742,-0.978934733431833,0.129375702368747,-5.40590410179125,-3.31076482404292,5.5764224882631,-0.931811735628739,-0.700413199725188,0.853062106326391,2.70534406113306,-5.40478786542765,-2.61198235947213,-1.2360661767323,-1.29421771678308,1.04139955869861,-1.86489966895401,-0.609086212518641,0.0812414243816584
3.30945083342078,-0.26088656623485,3.40914728002915,0.894390232971482,-3.09589340229104,-1.30582107522233,4.64402188799796,0.983294804500427,1.64204779669595,-2.98280147308897,-3.85091642393443,3.45469397131409,0.532995952080502,1.56041851934275,-2.83785132816026,3.09090273186729,-3.44394450619368,-1.08871458088163,2.83149410459462,-0.043266637595623,0.502256500729221,-0.529860305851494,1.80603040034633,-1.78476267764499,0.589681158577838,1.29752704424327,-5.71369508571186,-0.387377707373751,-0.800639518669862,0.464000088938345,-0.498658159285906,2.46380735756899,-1.68719170467706,0.112593911282813,0.713609704904179,-0.720680419003288,-1.87147415846976,2.4997633598814,-2.9535237376558,1.76714575429665,0.498355321470514,-2.8187622760897,-0.182712141487182,-1.69618126268301,-0.618153418799008,-1.91298462895111,-1.93044446742248,2.33286396072856,-0.753231637290592,-0.45499415844876,-0.75406382886618,-0.0703255174142572,-0.870151962480224,-0.365182767627077,-0.0887546787954233,-1.6497980080196,1.65360430679328,3.95843333712754,-5.45813164137824,4.13393010766769
-6.47015347934396,-1.35925106896481,-4.60613482492659,0.176923416110908,3.07321277813899,2.40196312238924,-5.34825315902233,-4.33845853488077,0.929048247315701,1.3136439907913,7.71224179788377,-2.11527266921527,5.6186550196249,-5.99391456831549,2.08638679235037,-2.43325470429903,1.44147948794729,-3.60288828035073,-0.0756666032687476,1.54397794501832,-6.51078057345226,2.24640314681276,-2.88574230900952,-2.24927998271115,1.03150471240505,0.396493943140491,7.33614444363541,1.39914982962448,-0.246898835428427,-5.43278056653567,-0.242844731266725,-3.73792854756533,-0.232062521072076,3.32052776661829,-2.88605577094055,-0.117407121370333,3.77256622176405,1.03399003039123,7.22334253108081,-2.97047048245563,-1.1248610478045,1.08351329126841,2.57497477179956,-1.72510428693633,2.29731239145799,-1.6853700053386,4.91617591649615,2.92808891200051,1.6292240135777,2.0490186653168,3.18347487832587,-1.24354469913812,2.15465880040329,-3.85520499267407,-6.10601955284178,3.2214477151617,-3.92998508704331,-0.923432158933711,2.89424323370793,-2.34968663357522
-1.84941624865513,-2.47241331994414,-2.90061456235284,6.54315347522072,0.230177247730637,3.45374720870169,1.60895903087639,-0.223130136613925,2.99103203717016,-2.56049186821242,1.49439011914674,-2.40504138153012,5.80743764201673,-4.717240824783,-0.648940992206134,0.580578972436113,-1.24326780511257,2.65291533149507,1.92446272467955,-3.44227370368587,-1.50963071868162,-2.62331521710777,-1.97983897208246,0.226008920612442,0.189480778221465,-0.789262992396998,-3.54326515367663,-3.9593962264638,-1.20510471476722,-3.920386232961,-1.88464423380496,-3.99528584555976,-1.28403739620432,-1.46445532341759,4.00949696267046,-3.78368029363231,-1.45054241630755,-0.185227083309297,1.44650751423409,-2.26055499180789,-2.23711840602885,-2.69197747754519,4.58215640597129,-0.240643309858194,5.26479206470992,-2.22283092837013,-2.15097837138133,4.88613191864047,-2.51983703257681,-1.1855304476214,4.26262332912671,-1.66939604557389,0.124924068655757,-1.79716199588918,-2.8798854731664,2.5716619151652,-2.72911440441813,-0.663133329776456,0.177086584183444,-4.72221703572948
-4.29558149457041,1.4132668046277,-1.86061985109462,-3.42454393894561,4.23997034763007,-0.818754758254795,4.56702299383695,-1.26198245677268,1.00962532267545,-2.34279233303888,-1.29465600519591,-1.06256362492213,-5.0392980483617,5.1031863369569,-2.63868406442649,-0.180388770040635,-1.65148140700086,3.51147304362769,2.86084748873738,1.70928821609496,-1.7349887973257,3.23803483733585,1.67120812800674,-3.26465337100707,0.837891556465279,0.558845023891179,-0.648595621293505,0.304778249246652,-2.57370284691907,1.63968360096881,0.895262160285842,1.12797741287106,2.99671533284028,0.254058114124608,4.91406872885364,-0.415628530971388,-0.605788415092245,0.309543849590922,-2.09617526192462,2.86093220209829,4.55260733813539,1.14633220331401,-1.06898803483722,0.584325817756222,-1.81564288591269,-1.23229143490346,-3.21074902467039,3.62383061945664,-2.47556198604419,-2.9706245072735,-3.02310793495435,4.33171563430989,-1.14664884286384,-1.92184260209503,2.39720413257509,-9.30421227879319,1.58550537332041,0.161535522931487,-0.556903600503876,0.315212473092926
2.50718291044006,0.0980399093268167,1.26120338041653,1.19493476665325,-1.38888206663681,0.267181114999836,-2.39129836907811,1.21316524132754,-3.76758682584923,0.955195654668874,-5.20584246694137,-1.33839740962167,-4.57056598825272,1.78473424544698,0.28896212937636,-1.81491627169117,0.640319258906554,1.64113352465103,-1.30706706312081,-0.0689817274578166,6.38632565206997,0.380594524081667,1.05993624840675,0.940109170197075,-0.978328316394612,1.88994334301588,-0.978940202429817,-1.32330857810751,1.01504926706645,3.07925420984267,-1.67893492419015,-1.02689174138863,2.6140182660815,-0.973038074665394,0.925444695668334,-2.17638092062144,-1.16661713233528,-2.44295764311882,-2.83491811558114,1.73447728431324,-3.94931679864911,-1.80445940188192,1.55530426797536,3.64414502946771,0.687834332418834,2.14718943640936,-0.220763085892335,-3.66201495127801,-0.650396481394924,-4.3559318330593,-1.80468268376158,-0.541772441525763,-1.59360019996648,-0.0330918841480388,-2.19867405829009,1.41671961413644,0.26685052246321,-0.849961262345281,1.54490328871951,-1.98162232106796
-0.0582395583989618,1.80039771855633,4.50175217176702,0.994989985833975,5.86137842382875,-6.30599158239079,-0.219415148576814,-0.146865743835442,-1.94159809996433,0.53597930568399,-2.76862516076781,-2.47074658664358,-0.82509985036941,1.35467589006512,0.355375653329337,4.02955898982385,2.94975526527895,1.19916504178597,0.778903183100833,-1.54781512789883,1.7464256661781,1.44343453509138,-1.04211038697023,0.404751416286819,-2.16432117642153,-1.1222264854014,-2.0818497588646,-4.36885565911571,-7.71279945626056,1.02902408551609,-0.134647808265754,-2.97582468039303,-0.272384499832293,-0.933495549155627,1.75493289797444,-7.39042178169169,0.385608257550279,-3.38772570391801,-2.21157444791971,7.38907917002676,3.58440556907587,-2.65303699855826,-2.72508581016171,-0.707375514192153,-2.22269850356164,-2.27298780794332,-5.33415436045973,1.44347095322448,-0.646054845092538,-6.11630948912735,2.28005992388589,2.76681267517066,-1.21845851840567,0.254614784867054,1.84829848306816,-3.87288405721509,3.61988580568408,0.728293023975857,-0.614606972068726,1.72775093452888
0.041455492757586,2.29109765933987,4.34922320601788,2.81702892859091,1.8807337686636,-4.37920603276452,-1.71572303544907,-1.11671891563934,-1.0583188155463,0.451234629839254,5.70499593535654,-0.424189285277415,-0.571206076174417,-6.76912229576752,6.61210036912556,2.08466517012169,8.70160515453193,1.61113476986838,-4.91571601629906,-5.31808056796241,2.46835877344481,1.46065959807324,-3.19399780150708,4.60563003644972,1.80401545428159,-6.9431253092284,-1.09264447144315,-6.29374269873666,-11.1038877601824,0.516477122931832,3.42986012197387,0.846985685875323,-0.0504946761959609,-3.85709485727805,-8.01888441669508,-3.10440674717414,3.23838337525394,2.28822880347027,2.41324803323585,5.12611200762288,3.3202348966199,6.53434860869276,-5.69628788898976,-3.25277996378967,-2.75354567160816,-1.34463152860272,-2.04102792988183,-4.82150706568395,2.7449462575522,7.90907584662636,-0.51871748205558,0.175966432511469,-6.68217092992311,3.03490852871595,2.37883771860517,5.88330108082893,-4.45369770441897,-1.58756072692383,5.34326497608315,-0.133803756847886
-4.94097601809434,-0.456550888669144,-4.22496199921512,2.3769786157668,8.98408053499865,1.65723688044149,-2.5923173803539,-0.235326628580111,0.787153677148748,3.84508697774662,6.5074343189966,-6.40278795974902,4.88077610950511,-0.21319249940846,-2.41096161860162,-2.0152546494538,-2.40634995904847,2.060087799985,0.771133026281811,0.882952251890402,-4.1595562666524,-2.7768615262125,-3.65362312430282,-4.02202678005113,0.185902282006911,1.06737631632098,4.12364131936585,2.18793413602012,-0.931611896993577,-3.33486652888033,-1.38696562185785,-7.09777355730597,-0.943145830889302,2.33663724414403,6.67997460602969,-7.02895374180156,1.64916066005762,-7.4328549727808,3.74019693397445,-2.15189625697322,0.299833604667607,-4.40160724164578,4.45123353058674,0.0497032813959331,1.19260233667707,-3.91503289490053,-1.13795007602395,6.01660171773259,-1.13725074254302,-8.38848853315881,7.56406050873964,2.43087536881499,3.09172209355427,-5.71453965050203,-5.57668030928039,-5.60346635491491,1.19075487681087,-3.02321648812398,2.17591042446045,-4.8044878711109
-6.82073721845647,0.0573216212827961,-8.08519018884461,4.75049626654501,9.36280043248903,2.76318149998061,5.19208211097408,-1.97283708107955,-2.61164379660409,-0.877423446015811,7.98521464332802,-2.70502165464289,3.09560583329105,-4.88241268136159,0.268549309049899,-1.67124427985626,2.32850559294336,4.9670711482271,-2.62398880201807,-2.25870994996266,-9.3387275952366,-0.310402320241743,-3.27539436839014,-0.423236562880845,-1.8436366158171,-1.86461734509289,-0.315525971408178,-4.46159860474287,-2.63204238625301,-6.3088470143203,1.81586958995594,-4.09428434769954,1.56228674485781,-5.75277283913293,5.44168488640216,-1.20399631767321,-3.90366540973196,-2.91152670302442,5.36415162957356,-4.8071924931515,-0.823711363952262,-0.866044240217751,1.33803115744332,-4.42294726809474,2.5388330468202,-2.31855759554148,-4.4268813449649,3.94379196014879,-2.03754544042973,-0.610220749686284,3.31652148888692,3.99569877749253,1.18330524434203,1.64022647666195,-0.140972597012212,-2.00179007574289,0.143909138957715,-2.8995049676941,4.98914922176471,-7.9320907978831
-5.94542760968043,-1.98770780258302,0.284586020644574,-1.57898280734113,2.68765803154858,2.395692420939,1.78949658198469,-0.945198065387407,0.314095814969659,-3.73717877088223,-1.86957440447706,-1.09529117849875,-1.44370510663288,0.48977441464166,-1.03557420906247,1.44699730574901,-2.94222589625778,1.93300637149095,2.10000363111319,0.252077946794178,4.86846884615964,1.96791747271016,5.39933437750389,2.48645951328211,-3.87663814925882,2.0895928330658,-5.56875521366397,-3.22723588059131,-2.34151551260767,-2.70091378908226,-0.587249332346399,-4.30339780228402,-1.59071918091804,-0.58791928977139,1.4916894920239,1.22485596775129,-7.95744123805384,-0.738769686582848,-5.8897797691375,-1.55291800357617,-1.28250978600238,-3.94740055993725,-2.63209088482951,2.5021774566601,0.589403046942634,5.06291761807738,-1.06371907964903,-1.27914613286695,-2.67648641613799,-2.80969748962655,0.724290085624567,-0.215929778827889,-0.220585013862355,0.514016007055314,7.99687078409982,-0.915729058133415,2.46601234070079,-0.0864702331600589,-3.61362194090726,2.34851628399154
3.85108416875393,4.10678050173693,-1.58718141830728,-0.273764488211451,-5.28961324843905,-0.325014500325014,3.1721080823949,0.471744918727233,0.983547802712428,4.17702796675376,-4.56670761426244,-0.919177230851211,-1.0989785171399,3.40362988663776,-2.13179101011287,2.18036011670989,-6.65114703679949,0.478379780150098,4.30887059365235,1.76917736298153,0.754367118830563,-0.72215413280389,-1.62445919763183,-1.08657357347971,0.271941575788741,1.53887493895109,-2.07682911529053,-1.62492065292321,4.90910867171056,4.37129375878197,-2.74815632462646,5.65710672029426,2.69428282288898,-0.204153547417195,4.41954251753955,0.144111949358751,0.642703831437786,-1.0927991688474,-0.71822981175047,3.7143673646416,1.11968652016384,-0.876957857996717,2.41404285129283,1.44561253720394,-2.19673160093975,-1.36639260497729,-4.20855962092564,0.364741335184698,-3.82715054881116,-2.52889966776189,-1.87862623746304,1.13853752477744,2.59615353962549,-1.097680158405,-2.77733049818413,-2.88750984660612,1.32357895830646,0.90359336200251,-3.26793973696318,-3.59114235731127
5.15763086129015,4.76377909108886,-1.91858303559288,-3.68534646797001,4.01289091530133,-8.36555163366021,-0.121290741388312,-0.642837594405738,-1.53667494281224,-2.28732539172865,4.81316085287616,-0.871191370348334,2.39807124131488,5.24916034574695,2.82023373515667,-0.163586928395198,2.38865634651811,-3.07967572671509,-2.85076671529721,2.09388886051545,9.09554187459437,3.2345341984301,2.08232296046139,3.76683774444187,-4.69659936501189,-1.02710137102947,-3.8762510114171,-3.6216120762427,-3.21001729224988,-1.22976250963733,3.99264186926995,1.84910341661488,0.678758116896433,-1.16514523900119,-5.30592519126879,1.38998058065551,1.92386240863282,-1.1140934229286,-3.39140053579688,-0.156950414729053,7.62744368521639,1.54024681673755,-6.54629430935975,-0.0264984931241543,-4.4173737648366,1.16451107443565,0.508039359130994,0.300805196895447,-0.151996787602587,3.93777047828284,-0.125905678751906,0.246805425277412,-5.85139912993883,-1.42120871737096,10.4759752695981,-6.80707891021017,1.05172969403652,-1.45413808006573,-2.51685765875637,2.98500568099971
1.88317433630995,1.69275163926252,-5.5151712401277,-1.33731495501373,0.43644087552895,-1.55841452095367,-0.976550638172826,-1.36973590357379,-0.257038927721966,-1.04967343354477,8.40093072564637,-1.73665921458598,0.425372399238537,-1.79168694890151,2.78434226266494,-2.25653624986064,5.42888772715215,-0.784129277483967,-5.3827670593815,-1.81791541378357,2.10009502040853,2.38115972626665,-1.8899276396294,0.396649977533794,-1.76427465656207,-5.80668703352536,-1.75970997426481,-2.22457355924398,-1.84233122251661,0.674057637212203,4.65165448262919,3.49379598632024,2.38142950887775,-5.04460066666402,-4.80304639574255,4.04934850765147,0.250156272347405,3.25971744977176,0.419630572541047,-3.4462538000353,2.5386444068891,5.25295731943389,-2.83055916051549,-1.60042546003683,-2.14968864507932,0.975501676509638,1.96138872395,-0.537488343161235,1.30320449947567,10.2573002987487,-1.83756218949742,-0.118253971170642,-5.37093927677199,1.653713969292,4.25680326688255,-0.873195152281472,-2.59846352765773,-4.5187133720094,2.82978201567823,-2.16061721328955
0.181697503795316,2.56368677788082,-1.46644818371124,-2.79639320950002,1.5317761399871,-2.02781561730149,2.32113181904072,-0.212445772328352,-2.84728087201478,-0.0892485584121922,-0.340761274424549,-0.437136916327819,-4.34461797070019,2.47814356151103,-0.292114452971867,1.02871999041442,2.1030363398411,2.01699793039456,-1.65316030629307,-0.626463641975542,3.2931102532413,2.74389295548993,1.76012653631509,0.433926550376808,-3.08991203916655,-2.05781348961178,-2.91205082499617,-3.74214478772826,-2.19716868840738,2.70595072016128,1.92043880601982,3.40722288754647,3.28369685785732,-0.577570034406508,-1.88317240275488,4.90093483806176,-3.82208157945837,0.990109087841924,-1.59604102118845,2.90030792953669,3.98802599649966,0.643339178780643,-2.06338486853862,1.17334126892624,-1.50679012602445,3.09105104756999,0.132416717966442,-0.824238622964538,-0.423343857804126,1.9519001092627,-5.23809877003527,2.06031865115636,-2.10320604763264,0.705320831440043,7.286818766885,-3.16053335970421,0.631020131388476,-2.44591834059961,0.477462451248386,-2.1019409676511
2.89037952828951,3.66711755781447,-7.059011329479,6.56465446351546,3.22173102659829,-4.24803440646197,3.16109641403754,-0.273301435624797,-0.170617782535169,1.82686538983151,10.0575525017212,-3.42031129269834,2.20734730198657,-2.78747471472862,2.91794311269992,-0.891734526572663,4.00727686041337,3.45728770141427,-6.26797482527454,-4.48839816497803,-2.98590784067792,-1.11172208659627,-6.67598425532269,1.47692220569845,2.16298100072161,-7.06013195197436,-4.92381329883245,-6.72843504305703,-2.47893523683245,-1.64282945002445,3.07176564272951,3.15417193792613,1.0093386716038,-3.95327839172033,-0.412955907929425,0.747934563320295,1.034724788126,0.114801265544394,5.01300093281839,0.25826348431054,2.62603225894979,2.84720611258829,-0.334265747504965,-4.26903711222175,1.14402743317364,-5.48957466313987,-3.44359589558503,2.58027094344926,0.737701177370589,9.69867554112204,-1.23440703824279,2.13438988915691,-3.43675483468476,1.25666675434626,-0.232924119053911,-1.97350662131427,-1.17784627405293,-4.23839747180808,3.44309447193851,-7.50020734660882
-0.653588528055398,1.6064494820555,1.15874031949245,1.08171892871593,-4.15169496182324,2.90320343557498,-1.41500414544594,0.691443357780003,2.46078790537987,1.28389049644001,-0.692331021259053,-0.160502467200908,2.50359948625591,-1.74989605469431,0.0779635105487739,4.14975559879386,-2.0451522638897,-2.04201814857989,1.93835356068554,2.19423112119972,3.96249094543461,-0.679405835876787,2.80093945321238,3.91909169364544,-0.804073754234809,3.30644632022744,-2.24277909332001,-1.63717132983784,2.62086882167942,-1.48144436091172,-1.53116124314141,-2.17690100382172,-0.734285694987364,3.58577877168187,-2.36157693314212,0.0189851046217939,1.59723957425212,0.0106119900340278,-3.03728815369665,1.12848640669474,-1.89824318417679,-1.23437194238716,1.82817178329693,3.88090220328221,0.348951222424161,4.30589427876944,4.31981216274811,-1.59772053405677,-0.0702153364018418,0.116295934100754,2.03269433371059,-3.55650456402223,5.08095250547324,-2.01764822396005,0.334143274777659,3.67979356433497,-1.40578029790541,1.10377778928572,-1.19266251544586,-0.804956112905149
5.58598036958683,2.8862274811919,-2.77587203309105,3.2277191858208,-0.543635712266014,-3.09035317750842,-3.14006102776313,-0.139517509830216,1.68936062917188,2.56726228497549,5.39753682525952,-1.59072833163359,7.18740902935118,-0.51789101172667,1.23855266872604,1.21186310405763,-2.58916935536636,-2.5306898615859,-0.0987705292107958,0.875780901669865,1.22658901568153,-3.31056930530535,-2.39033458506929,2.99982002844185,-0.211486843844452,0.264369929805674,-1.80258632108911,1.46175119645683,2.33340879407309,0.122655060195058,0.916661698879829,1.84441542042738,-0.288617567163439,0.756454245125075,-1.59333604043084,-3.21757156655968,3.63362949163338,-1.52998503911191,0.693420491848105,-1.29979483402512,3.36006695832905,0.269547139277262,2.05902338060371,-1.17320919809003,0.146450780253112,-4.2968478193599,1.39803046791637,3.04396683849368,-0.917695556572079,2.96766724597663,3.28382346212614,-4.21813277869165,-0.27252602871624,-2.91772285727369,-2.84107068075532,-2.45016440752709,-0.393734929458207,1.23608612662108,-1.38854458307467,-3.14019928693151
-6.22750192465476,-1.05683964768049,4.05154747515323,-3.45479656723824,-0.539207502600008,4.76554524753115,-1.3508423110887,0.900881946269743,1.37114228004731,2.91375305813275,-9.63842817620579,-1.98676702250704,-4.33211296616984,2.30053684678865,-3.44580245759252,2.8335298567961,-4.84900718042367,-0.21092598638708,6.43077049456346,1.79115296742152,2.94479266845045,2.26585821767504,5.07434593521616,-0.454247220318223,-1.38724536695466,5.83702812960458,1.11846487073115,0.136578284841881,4.65037353609563,0.722529753361705,-1.32887994347202,-2.27724975211878,1.22318166726486,4.20302086388345,2.84706112825183,0.368580397884288,-5.87370155352664,-0.752336348721288,-3.95248774683072,0.981815196891201,-3.09741631328465,-3.39597583855358,2.20730867380075,7.3533544476168,1.28549454846892,8.57123725350309,3.1749829020647,-4.16341772956577,-0.823403048331975,-8.12775852789767,-1.62144876780477,-0.58477303241599,3.99539220707168,-1.89924862099436,0.952952914383037,1.76243285238376,3.48828530312024,3.76473933120556,-1.75410287747193,-0.946635674718722
14.03846779983,1.31405703358707,-1.49454039994431,-2.73215026953642,-9.80500144386854,-4.20840249664466,1.5647524829909,-0.339353831941887,3.49681934323946,0.525788007729996,-4.39165168804074,2.64927167825253,0.542281152159353,8.96520346095381,-5.66416004234327,-2.5686217394593,-7.36789767782714,-4.67067262516462,1.95064282852135,2.96646391192552,11.4287327883195,-1.74465463035506,2.99408242588799,1.35662570333469,-3.69861963199566,4.51138233799194,-5.51482076037388,2.69370056239518,10.8270797271937,3.78423543217774,-0.634602201583543,7.02619455381173,1.49786070245591,3.4864083588453,0.366162998645554,3.503111416162,-1.4312104230598,-2.39196789132011,-7.19945835076819,-3.48606247323132,-0.294743339203078,-4.05770524088159,1.81947746504968,5.58273035482583,2.06244953518933,0.259353837278007,4.75565299239032,-0.878064242852575,0.717492252635703,-1.00067207175433,-4.75010584657987,-5.09877838362888,-0.887924620908782,-2.82865140550122,2.85315335164576,-4.74837242504979,3.76764877336231,3.50484836695708,-7.65462435571227,-0.333011084257217
5.23986612897865,0.755182147099548,4.22766446806719,0.531331562865899,2.71703615858379,-6.94133461414248,-2.70220462146187,-0.286072334545731,-3.26167456002286,0.368276954373566,0.980380371191366,1.13031621418609,3.68482558045067,0.20424337874319,0.653816230733669,2.43236876144255,2.83409276380585,-2.31128818673884,-2.95442393561298,0.619540522230955,6.85045611771529,0.409017822694737,1.6897854825505,6.09223004363345,-4.05133203544359,2.59575631667043,-1.4745252640913,-1.11485063843827,-3.51104388642062,-2.66036561028079,-1.00569897261788,-3.24856233105109,-0.265107944268572,0.714816772306604,-2.91426269717105,-4.92331661913111,2.85200531749011,-5.14785636453941,-3.43705226004331,1.63946754091185,0.446369863056955,-0.598986271282383,-2.09878763700899,2.14125220186403,-0.300363024895531,-0.00723135213357375,3.20923404668464,0.0589008678599052,1.52189987807605,-1.65043716288545,3.18094764017894,-4.90971028120784,0.163855294936011,-2.74586572586096,2.1888523889179,-1.03498127806083,1.94262323926136,2.03403735879496,-1.59127845920879,2.15401959743148
-0.851180096878799,-4.25725887312814,0.00276431341694855,-3.48467799651581,5.30235235664946,0.400653584364246,4.44881543194195,-0.103645901471899,-5.33444589108178,-1.0666375660215,-4.27864737260986,2.18584750330385,-7.92197271918537,5.07501178220585,-0.707596906744877,-5.83548731828305,1.74519504265462,1.78752997274317,-0.843031373197009,-1.69037667480159,-1.99128345754608,2.11420474983897,0.525364231693704,-4.05626600545002,-2.58774688383273,3.34028812881293,1.15463601390137,4.5868299658204,-0.796250974997107,0.695808397689907,1.34643276229191,-0.149145531671947,3.0278701412201,-0.577117695207224,3.57861932233386,4.79395818440987,-3.61225789277722,-3.10202213608056,-1.8632789743087,-0.676851712298844,-2.55310995889297,-0.831653257321286,-0.922064547932033,-1.54559151529467,0.954471548071804,1.67769704404212,-1.61939456276402,0.0696754174731746,1.1578593686375,0.236342438288633,-4.4235944103224,7.63914808138483,-2.20047451963424,2.00734468459053,2.96144044049778,-5.07877602994391,3.58141280283191,-1.0566855401397,0.833215020905463,4.28021171045997
-1.98338337938733,4.61803516328723,-0.505733528956197,-4.53778868973761,0.489649776302915,-4.51097437062916,-5.57952972849973,-0.509174695787879,-4.54991088411848,4.0971527188811,4.19520525579243,-3.15120961261255,2.75795215849507,-0.592001006632581,3.28318957619099,2.20029595399329,3.49183675837365,-4.65484916200225,-1.86640894378919,6.35685854043779,3.92379134082591,4.59621433246228,2.51947188138051,8.15722531898633,-3.84194908998553,1.64066110026856,3.44195106079798,-3.61241250172817,-0.16181476192061,-4.386366168834,2.03644943287648,-0.376642695999018,1.55037538175113,1.21334869091655,-5.79866644181144,0.859635421690067,4.18962124945869,0.313191799617952,-0.242983046379951,-0.800957676533162,2.85087254635507,2.16059743262985,-4.28842414826036,2.30840147638043,-1.74632921304867,3.16261200416986,5.85073648461565,-7.64418387834557,1.22861204533723,2.19353001414991,3.78993847048326,-5.86015729732771,1.62209692221548,-3.90728641141618,6.37512045559836,0.473993808135443,-3.09753784764925,0.210469261727771,1.75642155773738,-1.68566357076256
2.98447899056275,3.27727539466863,-6.01153589792489,-0.176302096363483,-6.35133893487194,-1.66490969517048,0.0916034091618134,-2.01143034183209,1.68088612301435,1.75480688336989,5.51254991353172,-3.19694470333851,0.453804927259465,1.16681784674493,0.593151152387023,-2.10322648717173,-0.0794655649070255,-0.509709228156584,-2.06298414735914,2.8681239334825,7.44466173073905,1.30079318280453,0.616123789702053,1.57488690603512,-3.52322489985859,-3.29985727376956,-3.68697919261234,-3.76516943169169,4.87124282197873,0.508059789197892,1.38691686312673,8.2544095930584,2.17405695319917,-1.25087362804352,-0.361412266783949,4.33738698558833,-2.14383281132267,0.580416999686764,0.0593937312169172,-5.06011557517003,2.76911816106737,0.717683192447645,1.92115290310231,3.02044235958053,2.28499279661393,0.944306847516295,2.54052214085846,-2.86967344081578,-1.67310693961159,4.72482973344999,-2.93135920184563,-3.19439747909548,-2.1391743892471,-0.687965573935785,3.20971433992976,-0.906503653032361,-2.14074406553915,-2.60947125160832,-0.864298122722133,-4.76942972636852
4.86897139959165,1.70354126419307,1.02471832902574,0.892489195134341,0.711013260167267,-2.8114511746775,0.0754522732727181,2.92620995526285,-1.60573162749378,5.41229105614053,-4.04427569404953,-1.18170759683955,0.737521780833988,5.50058758007513,-2.01248425779428,-0.882562474768681,-2.41802000519867,-0.950330012172042,1.4759306112649,3.36440836740157,-5.64319417724581,-3.51138526033091,-4.59872374045842,-3.82495056220708,2.10745619879693,4.9159631068515,5.77546237945165,4.0181513667802,5.31787799793239,4.90506440006649,-2.42645606454859,1.1874987310241,0.166201630220306,1.0095850291883,3.8199127781915,-4.34134805613004,7.08049558307822,-5.63805813697854,2.75200163859145,3.57040195957036,0.519830448612394,-1.16976913443962,3.82624256355092,0.240970814554778,-2.57242308665139,-6.30058049319365,-0.0999717895121535,3.88329089394357,0.588883944107059,-8.24821560283566,-1.20094712014899,2.19596592173344,4.50995311506383,-2.75562531406415,-9.18039453464081,-4.96325253656546,1.98437717231712,0.927735399329604,-0.922380914684089,-1.53089708149225
-3.49799060754583,-1.80011106865399,-0.938424759324954,-4.5470762555263,-1.41401993307454,1.55140479166516,1.74055126725097,-0.761073502334007,-0.816036506532819,-4.47667849830444,-1.05086826959446,1.10041592985072,-0.142514881619713,-0.119979554521419,0.533034551968727,3.59166998773429,-1.22174083878208,-2.95088510134516,2.24427132826595,3.4859660030597,3.20644884290954,4.14423060184314,6.32311559209033,4.14211456575264,-5.60456110078971,6.12048866545222,-2.10231463476865,-0.453334031007361,1.24395188009087,-5.33085272065542,1.53341046345458,-3.72951861058017,-0.146135142459069,2.38913590226993,-2.45016720469486,4.84756908273039,-1.92894369708968,1.57964728467693,-4.90393533660832,-6.87656525347028,0.134581915300098,-3.24812414639532,-0.141933344438665,2.86252922636097,1.14206839225777,7.65638631022996,3.0629157400112,-4.1242541019428,-0.161082151867489,-1.56148485227253,-0.136846622887493,-5.37058407805236,0.893705439879095,-0.478503207370105,9.21445843116439,1.27329242982624,1.04289805943036,1.16648871827142,-1.19378699428466,2.34554865038
-9.50411279130852,-7.27177520496637,-1.85559615536648,0.068500177069561,3.63042651621998,5.32499223821626,-0.154671380700282,-5.5523990877394,4.86390588708746,-8.71150404833198,14.3923835842371,2.79501798753035,4.5289740700065,-8.86689355239777,1.11207344428842,-2.4314283327551,1.94354428782476,-3.41892806188751,-0.77173498747482,-3.45146358814773,-7.41414572193712,-1.6350250251923,-1.54795026932883,-5.62988227311797,3.78793843361858,-6.27571065427067,4.67360865295998,9.83017848945187,-6.18361229902138,-5.22667586838968,1.90637544115376,-4.54922652059271,-3.01670042960994,-1.11551901348945,-3.3434125295394,3.86397031288746,4.62944526818276,8.26003141717751,5.11122499462922,-10.3034675565968,0.0737080072839534,7.05982519452058,-0.57202839054801,-4.70378436062479,3.64632080529614,0.445345577785244,1.70921878243539,8.59476577539143,4.02994699548831,11.6239703938286,2.42659415816514,0.597441553615786,-7.1518884543825,0.0828754709228282,-3.44806623516236,6.81570482091275,-3.68006751896965,0.396974285481801,1.37624582877801,7.95396358689819
0.981784301679666,1.67391088644598,-1.24154524553394,-0.582375329470699,4.23063984708599,-2.51720235547788,2.74559032004971,0.260750400058333,-1.58690998163342,1.3424394257952,3.46495123807946,-3.2442410169099,-3.87221269932576,3.84536537656264,1.80838087433929,-4.83936858520508,5.24835921596694,2.10709699162494,-2.74841219353142,-4.64228848225956,-3.31323222600508,-0.554486427129114,-4.42132439231506,-4.07081015008911,-0.645755779538564,-2.99477904941899,1.92277743604658,1.65267780531,-1.62362237749848,1.69822100011419,0.563480555966268,2.91114240955028,1.50586962014108,-3.42024338233158,1.59078581089972,1.08617242733631,0.604086469083286,-2.6681627994116,1.34065067192259,2.14279101571419,2.34950433477659,2.49517334335235,-0.267863926916996,-2.43277970995154,1.28350754021905,-3.80346464329305,-2.28644284749477,1.50467119432535,-1.40218130497362,3.68163174239553,-3.91897926852619,4.83708997964754,-4.17875399952626,0.180543572590297,0.94981855753054,-3.96395989829748,2.34580050561593,-4.75505747992809,3.80545572189046,-2.31902861093785
-3.26037743082748,0.830519211545393,1.90013386107064,-0.21390243397094,-1.49859794082386,2.45639470093405,1.88908866555533,-2.34303077653242,-1.67169281213133,-5.30809030794486,-1.2098192016285,2.97456517948747,-1.71482035436443,-0.654755422058174,1.62848932678316,3.83260726006016,3.31965646347905,1.05692636440411,0.570374892482757,-0.0782264021503591,-1.98564105608442,1.72575770346185,2.86420543420172,3.3051446167046,-1.80877384605767,2.76397536472729,-2.99626123323981,-2.05865437275248,-0.374420983880778,-2.48198382763319,1.63221904899309,-1.86651351611692,1.37622664784712,-1.49872226630448,-1.69700649862006,0.378487025162424,-2.45101156644626,3.52283403191716,-1.71173177111906,-1.56020540865745,-3.22157308102082,0.357272818000137,-1.60277980980796,-1.04583894256649,0.863499917299151,4.43548008297297,0.736823741362407,-4.08002435582799,-1.32574563736937,1.53017917909243,-1.06048754399323,-3.26803599528051,1.81208962384579,4.06469773342512,5.93681235860203,0.283068237628951,0.756329274276687,0.735653377608908,0.548773971347286,2.56337419695906
-1.83673184145332,0.647457002091425,2.64808205705256,0.903979770544256,0.453924356991861,-1.43387846210927,-3.01288274256059,-0.633041788617319,-1.13450948530295,-1.9939181546196,2.64876492315519,-1.76312422062723,1.23749083533497,-4.28044586874162,1.57766482479454,3.51353211221922,3.8396945199951,1.02536289522741,-2.25483332563877,-0.0557340676440385,0.582818236863569,-1.00312680405039,1.019971358853,2.84430330347354,1.33582208982149,-2.01824613739039,1.93703417560561,-1.49977420300699,-2.62730719305082,-1.31591394063523,-0.0297132834600952,-0.774499141282898,-0.18716045880172,-0.122414433131172,-2.6968813645589,-3.5093910579529,3.8350239404142,2.36650720560616,1.07191250189118,1.09829218932562,-1.03568829404505,3.37044116730925,-2.35448875515141,-0.224638790519785,-0.0240386205151839,0.741072083238235,1.99365413665633,-1.77256713894081,0.410470367357064,2.33633651751566,4.06028114793495,-3.80126343492593,0.144365394268655,-0.532404567330489,-0.517832560924646,3.27542910653206,-2.44519324969112,0.425846363230239,1.96576944267152,0.239669983794864
3.91893816235721,-0.636554500675221,-1.17574109725179,1.86200267694047,4.09131458899578,-0.271843962356267,-0.64126180303393,0.343647327499516,-0.356660619960832,-1.67090078652624,4.86040627424607,0.0516727654787461,3.21843272169606,-2.72021125693432,0.936167854519375,-3.09533698405918,1.09048183875331,-0.552466135529862,-3.03986934695543,-2.82122447681871,-5.18181605185829,-2.97717414216281,-4.27645831427568,-3.58393713259389,0.790164092698744,-3.32208483225905,0.495554662293981,3.97222286106107,-1.42881133956297,-1.72841898128438,-0.0630921392098442,-0.501729916948884,-0.269293254074271,-2.08058022080736,0.522011993876255,-2.3870382841758,4.88449493233219,-0.571661819177987,3.24249132701971,-2.01563860321897,0.31682919953012,0.508884190372271,-0.713560504465546,-4.69470170983197,0.3826841991543,-5.49418207822706,-1.67309714947,5.12211586094077,0.667795835056394,3.4476412033941,1.15568583576424,2.8708672103038,-3.52222491698129,1.14613121756006,-5.32494083980038,-3.34462195497004,-0.0682801450158795,0.775265684621943,-0.481600361823833,1.33625031332646
2.93523199401271,5.32638282869844,-1.63226466213657,2.09193437813361,-3.14409200430745,0.674679590082424,0.0306455621283158,1.5057040359721,1.97714807418213,4.56742849001525,-3.65647261737063,1.46118314303006,2.20849101854445,1.72835937241395,-2.22607148649209,1.01174947554683,-4.94725835314061,-0.268406679086313,3.68368112061669,1.96497209324899,-7.12136398950092,-1.92320354647449,-4.65797244068612,-4.45399131821325,3.53795778988614,2.27222450621172,1.53168450485746,1.34397620465791,7.37414257895638,2.67700965330739,-3.57879980075215,9.11736417597621,1.98540888603874,0.376140258087071,3.98036218714645,-1.68825402950243,3.82463396061547,-1.28490937381418,2.61726189467815,3.8081122334591,-0.577188368332695,-0.796831983540742,4.11400456106365,-1.01145500524165,-2.86010139505022,-5.73664567453238,-0.925882447479583,1.30824801000762,-3.37895700978494,-1.76925926460537,-3.08281812074122,2.00182332352259,5.09683461356607,0.705118335704894,-8.49299722079553,-4.39233159869629,0.459002471124507,-0.192006379789715,-2.80496781996326,-6.31270394157247
4.37042419852314,1.62764473307738,0.443494200744575,1.2839572210718,-9.78795536597199,3.91838141258523,-0.97892332108416,2.68303531776098,-0.0711451454962153,-2.07201360800157,-4.68609761121936,5.78317127728307,3.13255593952462,0.42142268971154,-3.21380135116978,0.692368530132693,-4.99489662612303,-2.86946564675286,-0.264234617222863,2.49447695570391,2.72340427043258,-1.05419925780163,3.51849902682177,1.2602834419335,-2.1269285288411,7.27869188240511,-0.973004169649494,3.53443014271387,6.96687066698314,-0.0925234823535213,-0.741951710552398,3.74750117606724,1.91132402675417,3.09754115407577,-0.0622385366751341,3.65945099128068,-0.62665915909514,-0.202864236035958,-5.19668534815435,-7.09393548427847,-6.30773535263883,-4.01742701014753,3.59914907915866,2.05930438212378,1.93671019313495,1.91606735546971,5.05166949236029,-2.5065595298047,0.281489392679327,-1.22584559750017,-1.15543313124646,-5.89076574578068,4.22169000353163,1.14932218484394,1.29807659017323,0.814639838536021,0.901869598980777,3.99210939667769,-7.98396178452746,0.883916162254347
4.27501207109912,3.65508533469541,1.92168193291166,10.1489535786207,1.82128831578434,1.30463728159522,-3.32878177741192,2.6408520453445,-9.44232044342469,7.64289107977058,-4.62652831033445,-1.93844424643767,1.17028533027229,-1.6021081809027,2.41703971674824,0.835936267209313,5.90401899451119,3.74533441917107,-6.11606262329994,-1.9785927975668,-6.35654558182522,-4.60880505409239,-8.8623039845602,3.88626928015905,2.2345000434447,3.08579315736566,6.7415339214203,-3.6214423169326,1.44346185919947,2.23237349727427,-0.89124208080161,0.080565543633179,2.40646631184944,-1.33499709065776,0.907285724528271,-7.22684537459943,2.12985999899424,-6.98227881363724,5.15563789679783,5.87274025474369,-5.79675500068988,0.942570725720553,1.98385966330148,-4.61245937835878,0.918551986009227,-6.0582236531521,-1.34825076412677,-1.43101537490518,-0.131827845269841,-5.53372937319649,-0.81372989926425,2.09383460518176,5.19077627687602,0.468338394721964,-8.74686776851959,1.75841998518902,1.5337534339963,-1.57757264432377,5.76878630091844,-12.580401893748
0.422053581205806,-0.825111047978906,-3.62204977471387,2.67579058411102,-3.78036514992491,4.68870591406043,2.33267963261144,0.100889236574811,-1.2568164009566,0.404435728168875,-3.50014405832131,1.21945472513613,1.13349059343063,-1.27857753604032,-0.308463363067718,3.93543619720612,-1.82910092240856,1.64678723912929,0.279404267936744,0.241525993662573,-0.416454231102102,-0.471449665486761,1.15404258304881,4.33619738608151,-1.01956128089842,2.77755517596282,-4.19609917287834,-3.9983881380139,4.51650197634693,-2.67219896906713,1.84422278091469,2.18681820259472,2.10068193524958,-0.533858967181582,1.87342592259131,3.27380252058292,-4.84049999930025,-0.544786245388963,-3.108515789255,-1.59405291623094,-3.56284410675967,-0.382095326347912,2.26887373723787,0.0237523239498334,3.64530768782004,2.15108536722033,0.272760666594122,-3.18821082998377,-3.5864596721609,-0.992357547636232,0.474676460057365,-0.969453921217285,5.55920045773626,1.45343227048117,0.44813163339163,1.43302646482238,1.24707672556585,0.571464965994562,-0.356601918113439,-8.07991670229952
-1.12828101523951,-3.47732083494861,1.9680454440144,4.4588962654777,1.2957186738097,2.0853630478999,2.01335593297056,-0.0434054541403616,3.24866558393787,-2.1353571862924,-2.04786599310513,-1.42246205158377,0.160187820442061,-2.7474578523478,-2.92326941115898,4.39717818832542,-0.848659658723248,2.56426753003531,1.4664224298187,-1.56483594223969,0.0862825052650001,0.32215705462926,-0.0882823359196868,1.28331464302203,0.609896615313185,-0.177501605434318,-5.79001658542263,-1.67582744341607,-3.33765478650404,-4.42298791045362,-1.04969831077476,-3.65380280639604,-3.42500549528153,-1.73283375741877,4.75356802375984,-5.3671363000879,-3.64408725181661,-0.190196021498451,-0.259212836473002,1.75170068646648,-0.836158069533419,-2.45697853408165,1.07664631750382,-0.712824435892545,0.66890847584841,-2.31575084733879,-2.91598129389251,0.863623168537732,-1.01931698166037,-3.29487233033211,3.63470120014007,-0.287282074644491,0.144910495253229,0.894368083034574,-3.06889005796416,2.21756906477338,0.412088213924906,0.743729737894646,-0.438746466775832,-2.10740785230903
-1.64913285930571,-1.54508419373683,-0.47873769792296,1.32121256387608,7.60661665393414,-0.928002199887576,0.736543512244736,-0.855580097303682,-4.82866219733611,-5.40989569578731,4.71826444961326,-3.06460300649124,1.191321899617,-3.47072237914114,4.13326669748913,-0.85452732714383,9.02402459163348,3.75789367759483,-6.25371325972888,-3.10762525092244,0.929071294222073,2.41359120809205,-1.01732137229303,4.32047312940412,-2.37668101286491,-4.46243440473464,-3.78074056124611,-6.53124663257943,-7.56178216385302,-5.20774221931912,1.83610972956046,-2.89558938682656,1.86999140377597,-5.06873965635161,-4.20363490616293,-0.015245332430981,-2.81144713777542,0.972239122055985,0.685378916345302,-1.87196037834333,1.83949637472252,3.7738610826592,-3.67372795920148,-2.44601075194998,0.959035241686503,1.48721565989876,-1.96713120941702,-2.73640663489048,2.31787184494,4.94615408570076,1.48755379821483,-1.4070113250015,-6.0536168702563,2.86445631325812,5.40318714088862,3.63909294442904,-1.51849614650767,-2.15025444831958,5.67474433353512,-1.48907172563773
0.93401942572088,-0.523652493364171,-1.37741689969325,-3.56918239682525,-0.803542988939068,1.49125470058133,1.0614173614335,0.508157817982892,-1.28935425884157,2.63601183382688,-4.65360325407611,-2.06563486798494,-6.47083103055731,3.82735499729375,-1.53408430799975,-3.81775027388939,-2.60803192642932,1.28758772470724,0.857833732981748,2.81100491049478,1.87726419356403,0.825117096142763,0.844453076737659,-1.37876934953421,-0.436307844961094,1.73640051357669,1.38195026314306,2.32394490113864,6.81228720835844,2.60421411967218,-0.00379106074016944,2.80467733522156,3.19639014182927,0.860266285365178,1.19072413246462,5.08589059023994,-1.93171313572547,1.82800229765783,-3.68392987797281,-2.95954246657569,-3.803659269361,-0.410876158590111,2.64235440068832,4.27045433002086,0.0428521874131003,3.82783576037084,1.90311100410684,-2.54342338527291,1.0852659837652,-1.18451784077942,-2.84084235337091,-1.10181532792506,3.45338681141332,-0.572147630765312,-0.766566970676834,0.183829586366026,0.50664286891089,-0.195744411535921,-0.205408882943505,-1.69387297489514
3.77249678197011,1.29090447423428,0.431817571317136,3.91095488378998,0.501352986075977,-3.70619157207063,1.27925312888574,-0.0584463871568685,-2.70956164013648,1.10521048722185,1.54520739647912,-2.11929480692288,-0.106572945543359,0.777244552518038,0.768125959903431,0.425638695513946,1.2258130232319,0.794473679394438,-4.02529199544434,-0.968520295700054,0.058248700919366,0.0674920229195235,-4.13008561890552,1.03938953282113,-0.874354432729043,-2.26110505008889,-1.50399030221117,-2.89332834143572,-0.2553555018249,1.13154904280799,0.698807786692798,4.18691829090886,1.2224106634714,-2.64228698493529,-1.39344476894296,-2.55227214049501,0.733233058375686,-1.0970467728915,0.0295820065596448,0.985509274267519,1.35839918440765,3.82667347214611,-0.280533608777817,-1.45085146305809,-1.4244602562959,-2.9524616494642,-1.23703987971779,0.127758835044667,0.308942973213701,0.591087903125086,-2.43443245405263,-0.632537569687276,-2.12283853499852,2.23748386279242,-0.20987559683082,-0.00736783426967175,-1.19803988103888,-0.285658689581828,2.56081924559627,-4.25862238346071
-0.662768864762909,-4.45281006882063,5.23470922380488,2.87988407420245,3.35926145655735,2.15191653465113,-3.10349584997641,0.996121147872191,3.03769948070027,-1.54935969943724,0.927940506711747,1.24261180010985,4.79562326633284,-5.31277886391808,-0.254396124313898,1.14973423915372,1.55984384463353,-0.48027559507125,-0.860493746340762,-2.03618594499501,-5.88725727583386,-1.40651542949744,-3.73961458419224,-2.32632788570095,2.31892915447253,-1.27701561983368,5.17914020719838,4.22760239791149,-6.50777736409946,-1.84113772763295,0.18595764376802,-6.94226441200989,-3.5439835729473,1.75170168872137,1.65046253613178,-5.78086293348206,6.08764080093654,1.28702248828378,4.22307859633328,0.815197667003464,-1.49244251375881,1.3349167139326,-0.609005107930098,-1.53991449226351,-0.79882164033527,-2.20552646095972,-0.0384220615953519,6.96900310765159,3.31775173645113,0.867396442975772,4.9151307670098,-0.481508112164788,-0.790218016146814,-0.438016253864371,-6.06021381057738,5.30872114075378,-0.644653481142718,1.10586106714341,-0.998900482309966,7.49623843574355
-1.67819010704857,2.07018222209475,3.67872953866168,0.910486458753032,0.926857229950308,2.10741172656166,0.610791319096521,2.03141176641983,-0.350343634722974,8.16458227069931,-11.0037349882314,-3.18656813547756,-9.98445389204193,3.88181555321227,1.27288185505407,1.18907833939055,0.595545073231524,5.16191887980857,1.83857167691459,-0.116140989284912,-1.30637978442169,0.350153251950463,-1.02374385449243,-0.378733904854607,1.46651964741889,3.19701148570459,3.0540152589385,-4.25514385086909,0.431486449314987,7.75635566137259,-1.45082743313951,1.34542710917133,2.30794559170378,2.55937723148868,4.6477970434513,-0.762256321794157,-0.793688495854401,-3.08527925361616,0.372603937445496,8.7970893335395,-0.154656266920804,0.861679541264283,2.77659866011504,2.6240166760001,-3.46630589657042,0.00651113230457057,-2.32113583584194,-3.1019636700399,-2.00009517391433,-8.02599730445902,-5.16310008427585,3.52981380125805,3.57136840229967,0.736561104824589,-5.41765602437172,1.42273614788914,2.26407310087739,-3.65713501169532,1.64224859917595,-5.54189949506448
-3.82813659099417,1.80507104402789,0.0961169972197815,-4.5813289269973,2.83165872320569,-0.926967093601351,-1.50754348452689,-2.24497581015464,0.336096568871482,0.447359612490904,1.83316637750279,-0.850267291832998,0.489011736222322,-0.981530780341457,2.46458816668668,5.58957985248806,2.04485228416807,-2.51212552284858,1.462704536403,2.96881401019726,-2.08201628591364,5.1776843288977,3.9390581912474,3.48482878365651,-0.389430422201961,3.05705552468938,2.64331308212778,-0.552100206188223,-4.62589621072776,-1.21362724884687,2.78528129263301,-3.00169361511958,-1.29429420608632,2.1684964454304,-2.05708259548983,0.080453831389546,2.63599566257939,2.51055449014589,0.224171724646096,2.12241557578952,4.78277881715899,0.0453996445004221,-3.03180085034264,-0.0651675614555984,-4.59341242291004,3.62204559427025,-0.326327759667018,-1.58664112322732,0.0624718865609852,-0.660802593743189,4.93429150865579,-1.11129143471959,1.13680093433104,0.746660348436179,3.09256824282249,0.567514020826281,-0.340304853336339,0.54630845668491,-0.393425837125008,1.17055080047046
-1.87740258973753,-1.79514935636658,1.70632516750484,1.30260856486295,0.516948185559726,4.21481034846571,2.77933632538406,-0.74275940177003,-1.57249191367412,-2.33891511985844,-4.11646672847319,4.67756567871338,-0.868243664471801,-1.079037393556,-2.37394468941939,3.26519358986992,0.741867378931908,0.344432828206576,1.90848721782827,-1.69485588826265,-6.8105636538689,0.367244745675593,1.33128685151049,-0.816506776198779,0.452160439180331,4.32340564096433,0.506926953762152,-0.138388383547654,0.724885022553925,-0.553077507752564,0.661087201949909,-3.11656408097755,-0.0347244401820195,-0.182600358814877,2.10224752963836,-0.343802535238968,-1.17101426642626,-1.01505967638364,1.75862592746404,0.101190725197587,-4.93405285648677,-1.87654727110478,1.92784816920938,-3.78529903951682,1.12625704766189,0.603256280075817,-3.52976284157649,0.965961469729989,0.204305038944191,-3.62717054449574,0.561433252430891,2.54863527947803,4.31039868183511,3.99916828816322,-3.01965376726749,2.01441022413308,2.07644037411515,0.950785578689296,-0.205898130595446,1.34861622027214
-0.585386208616023,5.31918466102084,-4.14456384930553,7.75006967076049,5.06975385229711,-2.3852312335551,1.68772049553726,-0.333875952244802,-1.29254516641676,5.02473930795007,2.43261507449614,-8.8909246994803,3.88164115168839,-2.72538841181927,-0.342941025025489,3.31518784162596,2.672176573707,8.82073329546582,-1.91287763291755,-2.22658794236565,1.79746190285644,-0.406836824443031,-5.97028931205332,3.86969820081068,-2.61850914287908,-2.12043745790105,-5.20122110185238,-11.869392996011,-3.81125152029956,-2.83689763440586,-0.930324690579889,-2.58060928831012,1.02538785500967,-3.77502803055179,1.73691662972498,-8.8565708169918,-4.51160461957472,-7.44548864840902,2.30525974365145,6.17450395776727,3.24598321473377,-1.66677246182516,2.83652050131225,-2.99273481664804,2.62859501345933,-5.07845152848242,-4.09045822250795,-0.30055850866185,-6.0723681996934,-2.18955880261392,4.3636642170148,0.515844267972618,1.40137179147211,-0.604767393893823,0.429522398560986,-1.75137063465081,-0.579393423860012,-3.64441755138585,4.34104267257158,-12.3173573766428
0.995066015193846,1.36505754702356,-1.76421459023848,-3.74786043835557,0.774561980931278,2.64643522161448,-1.35037950683494,-0.395464971344611,-6.04693964106538,-1.98936785604478,-4.09697964314302,10.2845411681317,-0.135517758112817,2.27432176706207,-0.306085285065926,2.2407736819264,-1.09107243765075,-2.41633670305854,-0.606993666394256,4.51038114573155,-9.30163487887957,2.3665404218999,0.879708000245594,1.66723385594365,-0.302012154254436,8.69590096263284,4.53617588763486,5.01653318523402,4.01758051797739,-3.60423318698602,1.48208475253279,-1.03224058986458,0.939819077758858,-0.623343382628952,0.581598362217578,3.75510467546393,5.0948135969106,-0.037020595991886,0.863489546887193,-1.9149899273242,-1.17405909470517,-1.4988126358531,0.779169518564491,-3.93129676399176,0.24506596529871,0.812197604310913,1.46743779666782,-1.09956639051076,2.32953221012436,-4.24668995443922,0.650943892465765,2.43126811822868,7.91350826778423,2.17746799262515,2.8699807555263,-3.52175705219231,1.63429475911255,3.1353844488717,-2.33584954988855,1.93984638128622
-3.81813802422649,5.01533532337094,-7.63936609880861,-0.161265629208349,3.51942179390846,-2.51512956740305,-0.262454428134943,-1.26633324764223,-1.92707331686104,3.17932955252176,6.70783308988053,-3.64450071654384,-0.43468921708165,1.42994124625284,1.93126369240488,0.555578273561797,2.71658861721837,3.62189758100409,-1.67672647732974,1.94155609558309,-0.734996072940573,3.66421368442512,-2.37132855683717,2.44041624540713,-2.19793084829763,-2.57025998668342,0.168723870282881,-4.55268651503095,0.561274960887337,-2.91913945379926,2.11318119144631,4.38585132600034,2.5894789129268,-2.24711293779761,-1.6188350215827,1.44564126831147,-0.638694132699611,-1.49134812712428,3.54679592160808,0.0455530523351682,6.6623396492814,1.70774670105027,-1.45308384092303,-2.36517707696289,0.0722502993040641,-1.04721832135539,-1.08803387987241,-1.59392226461843,-2.27265699570373,3.48181303321134,2.05277431311192,2.72260801410164,-0.933561684983339,-1.83190066837498,5.97265854089444,-3.99714679150575,-1.69258254259281,-4.66223521843631,3.12188804682127,-6.11809969216576
-6.17321633105125,-4.28558855512456,-1.16893482668997,2.54396855279615,4.4532081847296,8.96354315514367,-1.27914285046041,-0.196486722444504,-1.8783939544095,2.11636561520663,-4.21775744601146,2.64022891510422,-1.30788286786829,0.378957640281889,0.0536723881116704,-1.50463463174603,-0.392008489980609,3.13965970006318,-0.0892361698065963,-2.25005302352306,-12.0345351575278,-1.69502826202894,-4.68196789920114,-4.41436935977276,3.96186128781594,5.07227356348004,7.8420966606097,4.94381534248138,3.67505914899104,-1.54863406775568,-2.35546294095847,-4.30865241055905,-0.275420645350195,-0.0367346817376629,6.10090837713058,-1.79642544270311,0.0433530245662809,-2.22596316808123,6.42768267668116,-0.827530211594196,-7.16933276477563,-1.57953691669905,5.71455224713739,-2.25168782989059,1.39712041108851,-2.43094672343528,-0.321314654478204,3.7824229234098,0.0679631130469179,-7.21312327778577,2.12628084809633,5.83128481211477,4.57241625021504,-0.791825638760988,-8.30908098769616,2.0498875138578,0.954625833986023,-2.18834075831491,4.32259925018328,-4.56486786715429
-0.0127354219892426,-0.624527461239677,-4.49217067860458,0.844981352128686,-0.621959383500629,1.17333067025599,3.25944665818565,-1.22817576130036,2.30368506907448,-1.33491795951718,2.70950047877401,-0.194661696082692,0.344666279380658,-0.659774100696351,0.691822193540229,-2.39054841803296,-2.20122171110164,3.50849482709482,0.764140011237139,-1.60441040689253,-2.17382690361168,-0.410514892268527,-2.12062044615653,-2.68160421694909,1.59297737776892,-3.67473887420647,-2.69344752042425,-1.43783320497734,1.84175689635289,-1.23210103650231,0.0691559576434871,2.45799011953666,-0.670463381747208,-3.53502930372325,2.03256403856305,-0.240561138803922,-4.69276963889431,0.817442704131537,2.13330745991831,-2.20123758684598,-0.189162687732101,-1.55426335976372,1.36445041449098,-0.923541556148561,1.12148851315492,-0.527234343901418,-1.52217167507135,2.69169268545252,-1.07605554690659,3.27107964446072,-2.41995253781551,1.55285334516608,-3.70109414598429,1.93911453102986,1.77674315323469,-1.85592171323211,-0.697266260960051,-1.04423779558821,-0.278369945451678,-2.45853237718575
-3.71398252872675,-0.397393924191605,-0.64491840912355,3.45487752795124,3.29425551773155,0.85180263101874,-0.607289507226268,-1.31335640195488,0.206514956959437,1.37609361481674,-1.86893648091386,-1.49449608411102,-0.962993536491333,0.205219199381043,-1.30804091702123,0.832630856808259,-0.107672101215261,2.38514590176624,-1.283331304851,-3.67549233539683,-5.53923590331926,-1.69306061943256,-3.63426620763907,-2.83196043618387,3.72139912292655,-1.29774025378742,2.74824142714576,0.0855785525998688,-1.18090673685147,0.317961924068696,-2.34623783418556,-1.90256922087383,-2.48156859681377,-1.11948615777449,4.68531558553904,-3.50775616212174,-2.560193791649,-2.86593463248293,3.32649084995493,3.91730971898573,-1.13102267156934,0.225931801287932,1.86724796388978,-3.25528107321441,-0.315832327059441,-3.21359407319538,-2.08107920193829,4.29508502728362,-1.52477351552565,-4.23273959660741,1.97120543604519,3.40314163165745,-0.456643704665683,-0.0683192982082081,-5.75687078391625,0.425618354075781,0.209872628911849,-2.03898020616441,0.844063778695938,-3.39012404601601
-2.26149776696112,2.35862840550979,-2.3968848415547,3.97650625516584,-0.591332594571884,4.50037507195617,-4.3929331653313,1.84395765166608,0.579291833469154,5.86362130670822,-4.40477432573346,-1.86412862320704,1.43800758812634,-1.44016027542231,-1.41771165763102,0.662644225761046,-3.88185352911756,-0.62633689628329,1.79083735409418,2.86676134037637,-9.80030613224173,0.0721162105030451,-4.38112309539787,-2.13710605622352,4.95162997672179,3.48503315053774,8.3841256241778,2.48069602730384,6.23558730074483,1.3023150405856,-2.60773435555731,0.0700701759127378,1.07137155352606,2.6867630226036,4.55457151434537,-4.18599971476328,4.20696271025793,-0.0621698396636532,4.4519207032459,3.72884830209774,-4.24394533369432,1.14518889415448,4.95106308691745,1.48101159796897,-2.07211420551359,-3.17883340986398,3.6747641990066,0.261578889326227,-1.43056392353326,-5.72840310847081,2.15461114129367,-0.207284091566595,8.98834521919879,-1.02946733956312,-14.1700306725597,2.13788483092641,-1.19353857689021,-1.04940628249436,2.47266477108174,-8.57350379199634
-0.196632529587903,4.49751786280143,-4.0274295636819,5.9505573535017,5.6255380894933,-3.43917361152817,-0.156812133954063,-1.25090637028575,-2.04181862347754,-2.9094321310115,6.19102398747547,0.514058733200698,7.8514836550809,-2.11439052774651,-0.788397831459645,2.2331353621822,0.112526223875889,-0.956904983251834,-2.51602430382203,-2.08864019607897,-6.0614778287279,-2.64904917221026,-3.69746673205207,1.84643206341405,-0.932679260944516,0.598605130628651,-1.20324696900365,-0.787006293372004,-4.16155861529386,-6.23774291976009,1.82837318334604,-3.7384771972322,-2.71784240149189,-2.84474485705985,2.87011754759192,-7.51634836509009,3.48161466926417,-1.20577927881526,3.5361051125919,1.56579038495307,3.11164670641245,-0.0291868759949289,0.266896030384676,-7.21489071970122,-0.188443392441958,-7.83285097222246,-3.8606693209248,8.45592354530985,-0.816279221927513,0.393957605400436,5.6213052983489,1.32098395569433,-0.489304759133075,-1.71550262443762,-2.16415253957916,-7.14237337806607,1.10624858023629,0.775078112506084,-1.76466344220863,-1.43578222757482
0.128227007617245,-4.18474729579488,2.14570870104738,2.01872242211369,-0.963873787136124,2.90976403363948,0.523518073359193,2.11233741000482,-1.21483255351249,-3.35793024315849,-3.2829205456901,2.48021650855755,-3.94134463472359,-1.31587107137075,0.676627192695432,-4.74242632112484,0.125676964935139,1.17386526939003,-2.90485653122779,-2.79985502145421,2.73335941287935,0.00932454559463652,0.456555329201061,-1.35893794326381,2.91946216841192,-0.906985125086783,1.08161364651816,1.22867262855911,1.24668735615027,4.09259072859196,-0.0855757478249248,1.23355849273765,1.34401065595542,-0.83900514050781,-0.305171382004172,4.14626929318767,-2.45979193287115,1.82391787340825,-0.514946331046455,-1.48607368137084,-4.37749856204778,-0.539844509712636,-1.21006777850056,0.241308485072168,2.07750209695111,2.63753334479297,-0.760076576478098,0.0963189775355122,4.43522918277753,2.3006312351589,-4.5767065192721,-0.580791438445239,-2.89138846889499,1.9934974789041,0.0574045271805619,2.25282011523549,0.864546865863376,-1.74968536262747,1.81591848823321,1.6550061643597
-0.465467857025655,-0.310673483474238,-0.588653701584144,-4.29852993911251,-0.406987764849023,1.34656662933015,2.29373038208926,1.03331041551542,-1.78131906340929,0.179245279814545,-3.81392604546638,2.09946929282542,-1.28714876330243,3.86384519332113,-1.19750732404905,0.310891834846029,-3.85634700180614,0.141627034379499,1.76528983695307,3.85941025044399,2.64666645281619,0.223048687626181,4.27878161602624,-0.998705303973192,-1.66039484118799,3.68858857138418,0.689737910111816,0.996775072087095,5.68908108599702,1.98131766918491,-0.908425771379902,-0.404243664844401,0.274562853872757,1.71624455485874,3.45553112601286,3.75481586080973,-3.83496388612747,-1.42234964460616,-2.68794273864204,-4.50141738562857,-2.88218688443458,-4.84320281056157,2.13987043084034,2.66145245141928,0.0823474191203577,4.54562573511705,-0.684811093130491,-0.270157182637927,-1.84261729641373,-4.85509631993053,-1.45661694650458,-0.702075207287405,3.04964250183391,-1.38261712167601,2.7801726399849,-3.51402124454055,4.01197828541552,0.975316715668301,-4.36804703549232,-1.69392502589005
-1.505948809403,0.331954446985873,-1.50701596707792,-6.99867418660651,5.89833144709335,-2.62028216549609,0.921786947511141,-1.63024570083363,-1.55790241913955,1.24221908959812,2.47263337528852,0.083522576201456,0.0570892984548477,2.7552755869897,-0.332677913295453,-1.96698017264403,-0.426668109514651,-2.97844170256448,0.0332449719785508,4.40496653364127,-4.37072095744006,0.724726713371729,-1.20038461519161,-4.86527463097506,-0.474492943377829,-0.54613338554079,5.49680291009001,4.95369054901892,-1.27183265700177,1.37759482694546,2.57639544779654,-1.25072658903329,-0.619935553363698,0.759038976760732,0.099925601332813,2.35328117829214,2.38871340304519,0.103552606604488,-0.422597289737496,-0.298070682276229,4.38833097510312,1.54133091909456,-1.8283508986504,-2.09987545525421,-4.77479814851361,0.14458205629967,-1.92568974801023,4.66056042527503,1.28288777065777,0.193555954235374,-0.369433283827426,4.92439129348869,0.29482834485871,-1.03450257192272,0.633380318676428,-9.51648403379487,3.48893261597258,-0.501715734963413,-1.59198494321565,3.6389044650615
-5.6518412621631,-0.622045166745184,-1.95247008001023,-0.269811879926927,6.10446395234171,2.84253591898719,0.357960583321532,-2.51298168509329,-3.56497856585527,0.0270547730609609,4.02563704724275,3.56850059387337,3.44881498133684,-4.64954188040282,2.64932322763826,-0.00617957109974854,3.09427438564343,-2.19684110753294,-1.65422900475039,-0.326059487240565,-14.6065235894275,-1.46222357582903,-4.07325936562226,-1.78586968011218,0.0321415870167601,1.05474488696002,7.50630870157081,3.35793679565856,-1.71581721681678,-3.48716964166324,1.26386032358241,-3.64507956741044,-0.161732123885828,-3.70916487675567,2.15091781465142,0.156632416059418,3.7569731487555,1.3733118358894,6.27052071684365,-4.85030153772679,-2.61459171759605,2.77347900952923,-0.212898837670213,-6.33798705807095,-0.741246252943748,-1.10963563084297,0.977883979753764,1.61786913692609,2.71458994030559,2.20282431833657,1.84164601542289,2.00175378056677,3.19383673037727,2.14285279309647,-2.79985588791367,1.73796282523352,-0.699306473711758,-0.331056845644389,2.98769279123433,-1.34784577269995
-3.0068220402891,-4.1148010394753,10.9083773872558,-1.95399199855255,5.74074654995121,-1.21567405213102,3.1731310594098,-0.41932559052955,2.20018344215715,1.08465560948833,-7.06601265534979,-4.24855333475423,-7.85186987139321,0.0435723648507444,1.13229629605853,1.98710896504097,3.81234214874952,5.05015739093129,2.93554136407812,-3.24509095137055,-1.41730439114555,-0.663782354027526,-1.74563738841719,-8.12665046985977,2.60902196995532,-4.75600656398233,-2.50124091134117,-0.825060741873569,-9.41687685049224,5.40226859994029,-3.59936220387221,-3.20092216280182,1.5710814694616,-0.999575301382408,3.53387347865727,-5.2519456757908,-4.59458114630392,0.602541307234508,-0.0786470945132896,10.5210812956026,3.91242707500581,1.79976226506721,-5.14478375300016,1.37477560345378,-4.9370251434135,-0.675028707397366,-8.76556182060321,1.68090464194961,-1.2600782834769,-4.03052197636685,-4.48261256100045,7.91238986023428,-5.83131144495115,1.76928771100484,-0.454548191684401,1.01842694408788,3.17988156536426,-1.46123269396416,-0.349278292231135,4.69199831139682
3.9118758939604,0.128453208452255,-1.41850435855226,-2.02783978529516,-0.842763196781695,-1.33783510991286,1.35497955554644,0.170988321140017,-2.07203505415681,-2.71043202009772,1.98264712606119,2.09654877601603,0.111381514603531,0.523125764400858,1.56203303474763,-1.24091456148586,2.19696848039195,-1.78105721845774,-3.6760857112259,0.886263160244411,2.40906591789164,-1.31263871756423,1.88631783189815,0.315650588451974,-1.21920913032737,0.325517527053955,-0.92194204468994,-0.0484531529994886,0.412908439953024,-0.780609572605618,1.13702077454642,2.51832380137725,0.162011799927477,-0.321528527894137,-2.54870511163016,3.03617394778718,1.52106309749081,2.55471046906481,-0.597940878406031,-2.80506097112993,2.10812913217138,2.49922294218718,-2.13442016385464,-2.46321742521811,0.457569677548815,0.964457071883467,1.14684941355946,-0.505477369053967,-1.83918964296049,4.3502833407512,-1.71299750646523,-1.13580250228748,-1.58940396764545,0.895267373333889,5.85785120519976,0.298527653464526,-1.1119514865961,-0.677597235757736,0.659011733041026,1.64625384708999
-1.96967692699702,-2.12626593581084,4.75231735392679,4.46309694565022,0.421971932851323,3.36132720839156,-3.74335922431049,3.02867852986537,3.34821498020185,5.18142370305071,-4.68418471896107,-9.92089075211375,-3.14059647218118,-1.28289955630659,0.11788263417367,1.45249099979285,-1.23699355034475,4.49189962240678,0.658054225754219,-0.870985495359588,9.95469262039337,-1.96995404693282,-0.517831078881872,-2.53351187213394,0.649759700573375,-4.4257834051849,2.82760295789357,-4.23943616691087,-2.66989115450406,2.27881024696464,-3.43774241618778,-4.38269158261282,-1.1444248839399,2.35629032621189,-0.0420621935562089,-6.88492923467387,-1.96667536028307,-4.72344263042017,0.803516812531761,5.08883389558633,-2.8207217035584,-2.44889535442646,2.2906126164438,6.41186012475678,1.75196989745503,-0.194744072790606,0.908761711108988,-2.32465875173982,-2.14264827004788,-5.33080004517056,2.56066701707606,-3.36319408756451,-0.432750918977458,-5.85397948103359,-6.48622747820968,8.41267642275291,-0.733198255192354,-3.81081829557229,2.7122999777279,-4.61029062113786
1.40331198084583,0.0376054040471322,2.76624133085917,6.4001127697363,7.0377213581654,-2.60039371799757,-2.18858127533803,1.33359564176779,1.75977250773409,3.01283788702235,2.84823561822153,-3.16968686546875,3.05787744904496,-2.46943179408514,0.878064520734174,-1.20493520571685,1.93720701997069,3.20010275822575,-2.1206137514235,-3.08414160661649,-4.01233752556414,-4.81633473235523,-8.92888734430407,-4.60378881278416,5.3647137727908,-5.89458919843473,2.96523587319203,2.3225939275126,-6.10235550192561,2.4560574360661,-1.80932211908354,-1.5375970496221,-1.61395344798234,-2.6982578038418,4.30457687290913,-9.11859267402914,5.00092623519404,-2.4910684209413,6.91946025917676,5.67144057397322,1.96572757897447,2.21961235131757,0.576130611409351,-2.89926122848813,-2.01316711050976,-8.54648526031213,-5.39056591620055,5.85322241992409,0.481071830581386,-0.863420658400622,4.73829619835553,3.91978539713729,-2.93360738163945,-2.09898726533342,-8.86326243471446,2.29283794178238,0.0666054569618739,-1.93998345959544,2.83834781580598,-2.21464228034339
3.68939175893366,1.51362659351624,1.80430372811228,4.49431203523106,-4.99699129881988,-3.68925052803451,1.68821181088848,-0.479665791877861,-0.14917972009689,-3.22032168039659,0.473643248315438,4.81421081423187,0.11754629468426,-1.97961652385931,0.45569766454658,0.915818928181397,0.255891679288309,2.02555798848727,-3.77491476720348,-2.10180692751565,4.00487754026541,0.944375567369067,-0.648106441306606,4.04624251122567,-0.667512122767991,-1.45546470216309,-9.75227297317916,-3.59583735602099,-1.04722273261389,-0.0937372630830881,2.31545611576136,3.04884598752295,0.508547766269346,-3.80954104613043,-0.535797388221024,0.836708794962957,-1.63489496619333,1.06426000319442,-3.26606930806276,0.357060677745002,-0.476226245769365,1.42278843953119,-1.31482844722064,-1.6293160650747,2.34961784380691,0.848395376910703,-3.23322855181602,-1.7091992924106,0.16613944510246,3.49684288893479,-0.46002564069936,-2.19067058629279,-3.96746226399443,3.33799532457764,5.69389366651951,3.43734266314438,2.10435296556486,1.82176571468229,0.592291595207876,-0.581938645988853
0.99086525502845,0.234452172824314,3.14065178164548,2.37166777892197,1.09841929513955,1.0468174177615,-0.00115966059011474,0.987393295341793,-3.73562813506263,2.95304535374952,-7.69335180175215,0.457205920114311,-3.62662980644695,3.59449050594072,0.10912201951159,-1.38033327085719,0.948693144064216,1.59578796578661,-1.97960218088374,-0.221576231162497,0.466339986919265,1.23121343815515,-1.69428509637942,0.791343556403524,-1.12974925352,3.62360325022179,-0.0041204572668006,-1.09798859042715,1.68590775918016,1.15143217737968,0.651282128386509,0.023484152941599,2.13143730820564,0.0857091775545688,3.17620025611159,-0.149363893750293,-3.1884770743725,-2.70928268501285,-2.12321908232673,3.38169808333374,-2.94055129226152,-0.756446717463406,0.441580553558731,0.387313609276491,1.63728387626765,3.20452919634888,-0.198902401736057,-1.49251681985947,-1.36713279410595,-3.68881214905738,-1.63061571769112,1.13651118737107,1.25776872739462,2.60125354625986,1.97590295210074,1.84976253905674,1.43645858648657,0.752350866945727,1.65507465881785,-3.28538781828087
1.3585890565997,2.99462928901328,2.12198289563434,4.17552403216249,-1.59086063604595,-0.607069827215819,-2.5879015795794,-0.755891856089076,1.96676896847424,-0.802167953551867,1.50004234145842,0.499136102267284,5.52742144588342,-3.46415198647765,0.316381009733184,3.26095811369198,-0.425987675750486,-2.5589997012727,-1.61429812615431,-0.89990623917353,-0.889821709572312,-0.789715339532479,-2.41074949455576,0.495923678260501,-0.243399042283699,-0.993172489072684,-1.33508129587412,-2.12915722235534,-2.65228728946536,-1.42314142180901,0.556226136433395,-1.08385935359729,-2.58287513362561,-1.58498398167383,-1.44925804746019,-6.7628881771781,3.61169302172126,1.13996707053606,3.29132951780917,0.755307312863394,0.982139115556139,2.45645608265536,-0.118613633456205,-2.57088275991908,-0.798136975271992,-4.80018130062926,-2.09379433484843,0.101077586442541,2.31176245249091,2.00772813207603,3.98021037046152,-2.20202033513729,2.54209563265005,-0.190945755951559,-5.40459821536978,3.52691199644509,-1.71742779042487,0.35876219187918,-2.58260377257946,-0.763513218860861
-10.5613677255867,-6.49774173444154,1.71450966192657,-2.50036199266006,2.37010407896735,3.75360234091103,1.39464753082374,-2.10977307533155,3.21214190033785,-9.55500947543823,-0.413945867377091,3.6703088932919,-3.48683687099164,-3.26380721758881,-0.864880497274071,0.438966667484649,-2.7473091162384,0.573740751420238,2.60530035380881,-2.42271092199958,-1.47687470621186,1.28182140304173,8.22883037233437,-2.26619560864527,-1.20526948402193,1.98501061558408,-4.08441939914691,3.87004498703848,-3.96720406325332,-5.95579699113799,1.2120929950129,-6.02951361040796,-3.92207691407126,-0.292405999475868,1.79997471414983,1.52807953959424,-5.16969729759919,5.2699238575877,-4.14865196610112,-5.73997359921448,-1.593208616163,-2.57565439219139,-3.69605296625338,0.219019098537916,2.41713804668625,6.34596234777346,-1.71483632851902,1.87964469162648,0.443165861676162,0.306034304208499,2.22668728677376,0.182358109484869,-0.909166668008485,2.60703457900376,5.54226656401972,1.33147646255559,2.12595335290166,3.43834271746405,-4.41729001253224,9.05386963658804
-4.72601178960429,-1.33924637927711,0.0847337804425853,2.71526250690469,-0.0627851217094735,0.368914025654246,5.39236149140551,-0.523625419752159,1.98225334436995,-4.09841642660668,-0.299915906064496,1.1329948938659,-3.09216084741221,-3.61406436890492,-0.447414285747006,2.61336026851932,-0.0573159757211458,6.48100299604581,0.179552736898418,-4.06713587466912,2.58182459785328,1.32820538402837,2.17716412569043,0.202758844487193,-1.36363582849577,-2.06269325484528,-10.2155414761674,-8.2382934936207,-4.99465380031235,-4.73581264232288,1.02609120525301,2.44290979733061,-0.74619224919789,-5.13061912463967,0.99388538956187,0.488460755771527,-6.66430438032928,4.58210079185488,-1.18731136350066,1.20969593537782,0.303878493625994,0.634091740940132,-3.01827043577753,-1.18772621542531,2.66200064904546,2.47135904891754,-4.46599265779146,-2.82288313321785,-2.97139490055784,3.88914304379004,-1.57123528712253,-0.325627806476917,-3.33228356066233,1.44201254890058,5.6636547726754,3.07388533838197,-0.268955593032651,0.103841153394383,0.249637338850031,-1.28041274684211
-1.348409353714,-5.33477325410934,4.24656052657834,2.15979883082209,-4.26208364204944,7.52748773651849,-0.214207434534067,3.63160450780902,2.33478502840511,0.588463109521465,-8.01107248654032,2.5339058277901,-5.71191596512412,-2.28609199383696,-0.588866104435928,-0.0522054146933308,-1.87964067226197,2.72771552315459,1.75071785190311,-2.75709439468264,-1.05641396612852,-1.09029089674478,0.799708685068089,-2.78332647590145,4.09639147972916,0.967782234205849,2.35790736693059,-0.444527178331175,1.7668702856437,1.62282255764219,-3.6452985502879,-0.955698524693527,-0.445616145094615,-1.88326418389159,0.633166715615743,1.49080725555739,-3.8694860828501,2.26555921155367,1.99446228100253,1.12669350139181,-7.35216558878714,-0.373626373939646,2.02679669427513,2.99834180461051,1.84627233330622,3.51050106670775,-0.831186134747921,-4.14544871116435,0.720977222863449,-2.43406406671568,-2.54280040012004,-0.224824874610698,2.66524341230174,0.812228985372933,-5.49762002181424,7.57278921165167,0.0781326622516383,0.672427104227249,1.39059840392233,-0.980252533208547
-0.386473409601989,-0.256039369782708,0.734963142382058,-2.29332602178049,-3.4626128586281,2.12807657795823,3.53588411822162,0.664476177522987,-2.72247157226347,-1.14815777520265,-4.64629188400899,5.9049836194832,-3.21342968476676,1.28120373965445,1.68413912369374,0.809754394021583,0.963852206555441,-0.604601714831986,-1.77446402662049,-0.623015033411468,-3.31739204779045,2.53429408208887,2.61634022122074,0.888621974017792,1.24795026380672,2.93029367166107,-0.0027568001920566,0.446306330330764,2.05641272522416,0.505546705149283,1.27795344844464,4.34313623184722,2.80899079209016,-2.21303784091383,-0.944137251696383,6.5565198686075,-2.92271621613074,2.59106511033867,0.386937605648559,-1.64512957230647,-3.93261366025837,0.442456290125365,-2.11174587784045,-1.27566051813646,-0.0277324799536844,2.07544099014776,0.857279762666599,-3.70560762379296,0.997491386290689,1.54707952794558,-5.4585865074863,1.88733633354745,0.608308473243771,2.56758688169891,3.21121830728862,1.41697162219783,1.8403028906271,1.33264326127831,-0.381713834182787,0.71324270032246
3.86199198968738,3.07467807420964,-3.27319944973843,-0.390596961087345,-5.24320157415593,-2.84144555308714,-0.552390547133294,1.17777142650706,2.52651348903533,-0.816330576868331,5.77549432751873,1.25829238752539,2.80773816005512,-1.77084944984706,2.34961588562852,0.880420704932623,-1.39513536106194,-2.7776508816818,-1.03814983564689,2.95091057126292,5.46530248366734,0.939003443980432,2.07123041215207,3.68466578245109,-0.482798481739437,-0.682135717220791,-4.42621360724779,-3.149770885713,2.40076935445848,-4.08063652693248,1.71819951243365,4.06688584920714,0.253729320827131,0.0525130522787398,-5.85809078383935,3.63603186532319,1.39029113677261,3.16049775594529,-3.04286220304742,-4.78161715265042,1.28994473786439,2.80898210426165,-1.22943453719167,1.646559531837,1.76559584436374,0.5892811091616,3.4057811756534,-2.366786091212,0.416156564416882,4.78055599944824,-1.08102854907796,-6.88736668182868,-0.933133722679141,-0.456221552019675,4.22910545458234,-0.267974113766415,-2.2482175943714,1.756991709798,-1.27807674557347,-1.63537432394745
0.193478213136975,0.52115544558218,-0.965502133102273,-3.95494518324494,0.389760077958486,-3.02717797151714,-7.39926696925809,-0.126069004296946,0.847738122140145,2.97295061072212,6.45390816546774,-1.7941621720325,7.22537752322818,-0.181639228505579,-1.9743311377392,-1.72908877121828,-4.90604938835481,-7.20163775185387,-0.283044690586536,6.7727959804677,2.42411914878807,-0.44325409720792,2.78338341927486,0.0225351847672675,-3.64776280564795,2.34455718729488,8.86135488221664,7.20624917240377,2.20915722109612,-1.25589180080842,-1.11048145989724,-2.73750886939641,-2.29079836352073,6.78624551290112,-2.3335493472102,-2.1544956843619,6.43380666089893,-2.42787744343403,-2.63982321273275,-4.93968715530204,1.73057464601701,-1.19534085518296,2.72993114757449,3.74779135139472,0.121413170109175,-0.440592903380045,8.03637560826627,5.28722214533977,1.68682306180499,-4.56189277806834,6.50111153200566,-3.06486639326975,2.76200794722892,-7.20961582286817,-3.83626208018109,-3.26136577247379,-1.41406134533294,1.4248390080976,-5.44291674258123,1.87506722755144
2.29652600672742,4.74245281689243,-0.550711262332559,-3.03368557422493,-3.79197661914471,-3.27970142758147,-6.02873822077181,0.230308252777565,-2.68355099338954,2.02407112430658,1.24943680083768,1.51516019171457,2.64508428184889,-1.12592562142953,2.08483726760039,1.59041380094556,0.594571380810883,-6.38572968961953,1.22961014731887,6.735372992794,-0.0648082680271611,1.44592266625561,1.69105809642353,4.55156719345985,-2.03451317652616,4.61047326101957,7.90331214899739,1.95651252963571,3.64379705909999,-0.0856947933018515,1.0224468744887,1.94957576646558,0.572367270622795,3.25968071953646,-3.93837607657443,-1.18253525964927,7.26999737875951,-0.321602103497571,-1.86680249701403,-0.681839231650639,-0.338607607049766,0.32073212898622,0.751621441402867,0.438734526935484,-2.908338053455,-1.3952195579327,6.2543826202896,-3.29978669546127,2.41561221246583,-1.05672739696391,3.67985815682059,-5.15931252991487,3.79374193975217,-3.01698713940989,-1.9192505833244,-1.36589223837197,-1.64318736217586,0.307840248183596,-1.33069763435148,0.523108172226848
-3.53742388386355,-5.42296113799452,-0.299724377053686,-3.00509011756926,-11.0225766728083,6.3302899786037,-1.18676708539004,-0.0948714097087487,7.90062504779032,-0.711173486799953,-2.83714354224498,-1.16434800495832,-2.70752257671064,-3.15032342537803,-2.0621719611017,1.27144851156687,-9.17438387697212,-1.55527519097344,5.89873163029221,3.28640964865491,12.9625949899203,0.703667492677053,9.44980419557181,2.2141528649308,-1.36285289035652,0.166871726622284,-3.69039914814466,-1.43112567406192,5.05795331932926,-1.02042259620707,-1.07667821412974,0.365488744867193,-1.17584773237397,4.88184292900952,-2.32073234263315,3.13564917623361,-5.66878022405874,2.74200973419292,-7.63285780315459,-3.39425093366395,-3.18152090059512,-4.5929592753798,3.34600085820693,10.5394561573768,4.80954176339899,7.16256990936127,5.77383789793144,-3.58196923127438,0.13321298165393,0.529302419931267,1.72540170316028,-9.8078104589514,1.03967151969015,-2.56927437822924,1.34536322327354,8.31502940982812,-0.578959817821757,1.40812332709522,-3.37384172355346,0.220795489808979
6.91648072964956,3.99368835181002,-2.66451226751999,4.85070709616052,-0.0981861792496266,-3.6278781246676,1.47322237173211,3.45902376311813,-4.48547661157619,3.1832808372867,-3.3549569746524,-1.7559313946181,1.75216632767852,1.85865379406453,-1.83605152574971,-3.05806556882914,-2.21033965811281,0.375223225553752,-1.45653068750324,1.70212776899358,0.306675571714123,-4.58122161279447,-3.70426311717376,3.47244492248453,-2.81976928370129,2.70247278451561,0.245629310006997,-1.73932732191752,3.86800646589838,-0.0683172464917353,-0.930525141055542,0.678356731214252,1.51959243711436,0.341954569057265,5.95105581120201,-6.05932093003308,-0.904952832401946,-8.94729205280639,0.0254473482173093,1.04411824148672,-1.29059282831432,-3.99706797677849,5.28584239986738,0.365564398300901,3.00362300343199,-6.97408788545079,-1.85190258194338,3.20184243038707,-0.657526968301532,-7.29149086752551,0.0375027741766217,0.715732577051792,0.865209894200012,-3.90783157354552,-3.14072996429754,-4.37583084274629,0.75636169763913,-2.13283665305882,-0.710792914562989,-7.83143873935146
