"V1","V2","V3","V4","V5","V6","V7","V8","V9","V10","V11","V12","V13","V14","V15","V16","V17","V18","V19","V20","V21","V22","V23","V24","V25","V26","V27","V28","V29","V30","V31","V32","V33","V34","V35","V36","V37","V38","V39","V40","V41","V42","V43","V44","V45","V46","V47","V48","V49","V50","V51","V52","V53","V54","V55","V56","V57","V58","V59","V60"
-2.28111652365423,1.9760359062817,1.94568615958395,4.11019946820373,-2.58690075797089,0.225391860064107,2.36334833548094,1.28245881513451,-1.48228855273017,5.46905909445372,-7.2695755046851,-2.07606919506748,-1.26664597998141,-0.499325315266018,2.15816003284272,1.67940135514007,4.36030403861561,6.3156614001623,-0.864888698740807,1.03268189267639,3.90635562151608,0.935492801966729,3.12800153996186,0.137283154663794,4.22773734552535,-4.05674650935614,-2.9249815422833,0.794945997879337,0.747687691502917,-2.62780110989091,0.120233796820692,2.15116865662054,-3.79751657946379,0.366264372375025,-0.205181861443064,-4.20816387631901,-6.3472980692728,-0.481531334360417,-3.99220096987608,-3.82304073191895,1.03995691453367,1.26573481238488,2.92221017912446,3.50837419704801,-2.2609492039383,0.111310773553036,-0.46141069671067,1.34639319006454,0.398233592017512,0.127117976728362,-0.591060935082113,0.397700488671809,-0.176380703411681,-2.20620680818152,1.35576393400995,-3.07092053327794,-2.0699525209743,1.56901337989148,-0.825161303828559,-1.40945037679881
-3.4886260579696,1.98058163314881,2.63800569567654,3.30013148951554,-4.34088543168732,0.228089216657242,1.12850280989381,1.56234796246814,-4.08207094737148,2.82127354234726,-6.50824452591456,-0.536069711508579,-1.40665183069365,-1.42661811593175,0.373636561745344,0.801818605947228,2.50920893231209,0.627071520698771,-0.381065153749686,-0.483008790748542,5.55360141873732,-0.47428506024134,0.425422526247526,1.59993163553937,3.80208962373674,-5.20465638756871,-1.57191676286878,3.27911155362849,0.0111873808553691,-4.40281303263773,-0.644881217356624,0.674214126809214,-2.43571348258148,1.30042834738326,0.74739496365922,-3.89736621185211,-6.11026048181833,0.643522723101439,-2.37094940748466,-2.71768164632518,0.635793335412251,0.839106736376863,1.59686724489812,3.35824338226891,-2.9842582804769,0.378195805949671,2.11532537143793,-0.172133749375528,0.747985583195953,1.74400804310931,0.679586355345307,3.08160393605111,0.895376648548205,-0.787489402808925,0.00568964369787461,-3.10931076882146,-2.47859607596982,2.81450922538706,-0.480487786281252,-1.55187248381716
-3.94561368227967,2.35267797298447,0.759970398487179,0.0238313487924443,-7.06473689395247,-2.56881765070249,0.0827883172109743,0.696912639425607,-6.94455407686116,0.928552039158492,-7.62193097058748,1.65826696912929,-1.46182286913933,-4.05087553507386,-0.663047958065065,-1.13558237185637,1.06487174039778,-4.08582125757381,-2.87171300773681,-0.552735776898535,4.7999948925083,-0.0912224706475172,0.204053421344018,2.36044495485601,4.911108861529,-6.58547163502418,-0.0763728768632703,3.48533253482102,0.384484072235625,-1.89588742040556,3.78164290081511,0.163092751054995,0.0382924931131672,1.62187938431166,-1.09255996040655,-4.55136295904384,-3.3376698641826,1.49977111102188,-0.952488334555182,-0.482603126299891,2.09925229385592,-0.587280580968148,1.78683017497784,4.39798111575804,-1.22440429524318,0.330888189895034,4.79450018104518,-1.48964563540922,0.192235843248197,0.260026524555498,2.40468257469583,2.74087090474902,2.8299877798685,-1.04463962157875,-1.21002882620418,-4.59202304551921,-4.13022569959567,5.39146413832565,-0.922261585117553,-2.07152208972854
-6.54696874354462,2.6144180211689,-1.2932254649516,-1.56379284561392,-11.4152744395536,-8.09716468305715,-1.52410797126409,3.61422183659198,-12.0433153706873,-4.29847307358776,-8.08857419198971,5.19909010155867,-4.28517473144786,-1.602559549348,-4.4684117950732,3.2955868257345,3.76778753191035,-7.3012430539414,-3.51913070689741,-0.597061460902444,3.30251875716288,-0.745058080190373,-1.3693298172014,5.66678716600289,1.3514165402983,-12.7465321094531,3.15020087700664,2.16276073639728,-4.68824383484314,-3.40716551139696,4.07468903231999,-1.40179875274416,0.516517185891284,4.49565554867534,-0.568124346180774,-4.79475600211239,-7.96363303120095,2.45854434906715,4.02414558504122,3.66490420661014,3.32781753462759,-3.00436983455111,-1.41361349401017,6.1577381326201,0.566256398077079,7.3329620181211,7.13852696944225,0.568265171760526,3.42553670342821,-1.10426224433827,4.71223376586778,4.23664239777426,8.86234605023719,-2.63926796907868,-6.8765518337895,-3.16108461252718,-1.36930922617964,9.57673865238912,-1.83404329233022,-5.76537717370477
-4.10874844652844,-0.529875528414856,-0.100572012043172,-5.5193019992702,-5.81305076058332,-3.20192162239759,-0.6459460054297,0.00749792495510448,-7.04359535903518,-7.66571667990588,1.35327111676184,5.28041239642499,-0.0675527897605891,-2.67840482203517,-4.03324156463036,-0.779188861169252,-1.43695932244635,-10.5764029670737,-0.706045501759726,2.06932289117057,1.5767496337676,-0.788721243919495,-1.79524593114037,2.43144589987702,0.858170685512776,-0.178508953094467,-0.0775801125594975,2.33264806460219,-0.520776460608839,0.991985590174237,3.70412929704397,-2.79575671314136,4.68957308085394,1.56378684168827,0.113917846308753,-0.110129643471387,3.34857770705011,0.69063710207401,3.55945000166479,3.46933772687102,-0.183078245143911,-1.13198621409833,-3.41209556295112,0.229161431433975,0.320038711493581,3.40838520948494,4.31769366167462,-3.07297788318409,4.01639920749124,0.521424138462052,4.2820103905103,2.6241262253256,4.8971990233488,-0.0581865820463466,0.564902694579961,-0.465227856639008,0.534464003841068,5.64635813711614,-1.44072101936437,-0.653758340921303
-2.07345471891153,-3.51883892528369,1.09058033698841,-2.78138905998942,-5.08018904102681,-3.25115508616449,-3.58287810341416,-0.837890774404548,-4.92694608075084,-5.55157813184161,1.7775985756977,4.31144314809059,-0.129282901452973,-3.32407937528897,-3.42545735456219,-0.543715343420687,-0.754320350768963,-5.92240917132813,-0.431798658955975,1.98502158669302,-0.755982530631282,-0.513735038461293,0.637027797374071,2.4053047936831,1.31235680725201,-2.44679282740627,2.6501912095951,-0.569297556656838,-2.95699935845393,1.08243684985686,3.47868738540243,-0.979356784139404,3.96395554413569,2.62184386915512,-0.220494282551162,1.98984622361337,1.18371987088171,0.240843473422202,5.75783837247122,2.87291937314345,1.08274919196905,-0.389200748381081,-2.84985539966561,-0.415920089022889,3.49163025116225,3.32246882610806,3.99192320722091,-0.167669095865903,4.55729006582428,-0.445826840903969,1.46056096973431,-0.785023482437155,3.64632106876274,-1.92362023791077,-0.93255431075403,-0.812567487254972,3.43613614068936,5.05448022007601,-0.436185793377978,-0.544443903902357
-0.356561280463827,-4.39095486065503,1.86566226860255,-5.32613923981292,-8.520165645264,-7.76960966908417,-5.29290796514207,-2.29808855710869,-8.09351301302383,-2.67687686932737,-3.25037036638376,1.26518481555848,0.958163040604088,-7.12637981622572,-0.261550464819306,-0.339397825308439,1.46831883824465,-4.02032082599792,-1.30903119113905,2.32016700673774,1.26740552793985,0.0668524210100464,4.10220881850622,2.13822032251052,4.71985226336617,-6.86323508008158,4.26949083399634,1.81809790399865,-0.302089514310766,0.367386650444622,7.92770797381634,-0.0025127426566256,4.24420009593449,1.86796851718175,-2.35536865085519,-1.88344958782588,-3.84160646031701,0.0815882438349256,6.74792364394102,2.37475599832887,4.184588784942,-3.20030515391663,0.741036352346706,5.50288096808885,6.13292679273401,-0.33707463054179,4.87654560337075,0.0426817610228177,3.85349907005828,-1.91994172968757,1.50550559893281,-4.27469272517316,5.67461982544831,-2.66977821599708,0.19653324570707,-1.91337914302273,2.57535582418508,4.60424807689968,0.18599727691117,-1.96785243861669
0.947543563411878,-6.08221333854372,-0.0216397097428627,-6.7715979117616,-7.39294871026598,-9.30326813484213,-5.32981998235474,-4.61211523483048,-6.37909678492347,-2.74582501546498,1.96380178077058,-0.0548030981563289,3.42542030224092,-8.26792076432454,0.615505590750343,-1.94675550611341,-1.96180200389945,-3.37764586330521,0.990163090637361,5.65577182658985,1.22376342002104,2.31168730629893,3.03695947988787,1.72010005263479,3.7814889416526,-0.744284358241543,2.31094433537686,3.26208369885081,2.57007747884492,0.379963967012651,9.47374101799425,0.073771205962832,5.24757595069687,0.0918232000305167,-1.15512142870575,0.241053516064842,-1.92693988519538,-0.125292144779013,7.00298188376355,0.970018311814351,3.89302571197957,-3.86232144812567,-3.21320401945413,3.72711727685505,6.36097163396731,0.435906042129912,3.23172998674196,-2.20306463486346,2.96818026064135,-0.404945094622398,1.51506026397076,-4.42331524667578,4.15620612541086,-1.73509969365126,1.97035793895774,0.523820072180102,3.89841563514631,3.50183703171049,3.02777912827633,-0.173468492278969
0.860930325124817,-3.43228932240995,-1.19087560516744,-1.22195065250373,-1.61892026537498,-1.77092025472921,-4.59109147594164,-4.16879876910129,-1.48561372100299,-1.22093623882792,7.85857151425047,1.19859757984815,0.835060381710889,-2.54701704845174,0.324725149428287,-0.659147425916714,-1.93654951991062,-1.47469465321767,2.6909409847109,4.72546334923714,1.05447463974058,4.2681702890263,0.826205065400245,1.96171135388809,1.39770201244937,2.37217162361773,-2.27075098524932,1.66738057747811,0.191636434367825,0.611387713335486,1.07183449019266,-0.547016260253246,1.88276370615302,0.603229359340094,2.52032337942517,2.63241563779209,1.50777417717263,0.628949055198018,5.92737841001046,-0.494213313179796,3.13045871973888,-2.58950197837536,-3.89755548056871,-2.15938833690616,-0.809394462002002,1.5791976957967,-2.08139887088317,-1.49815576344174,0.719450403552232,0.641753249699968,0.204223017970334,-0.709789931176607,-1.24673621328529,-1.35651590101589,2.00997872316889,2.67940184688475,1.63799950905021,2.14586245075567,0.45779388684208,3.43933677709941
-0.0513476407514541,-0.518570773069565,-2.05603989716829,1.007605189906,-5.1795686778793,-1.6329496386629,-7.0819227246889,-2.08940405260805,-4.35641151920258,-0.00994380080705248,0.899740230459923,2.42927449935585,-2.54182795592696,-0.0375493404038664,-1.22802241091391,5.11606469289258,2.84249100468267,1.62428727336889,0.708945166324106,2.68359491562604,0.480784298848223,4.24729288391097,-0.489333624577755,1.56958962458296,1.34948859288213,-3.83466894091982,0.122589156386927,-0.0861252475993928,-4.68933017749474,-4.44876619016941,-0.0650380802063431,0.540826006329186,0.0384755437855988,4.10130721738852,0.418973835824242,-1.99883328915412,-5.04069645486514,2.20874588124629,5.81644506005908,-1.79267069428636,2.17145885804818,-1.61673308548562,-3.28870240965534,0.261047436230339,-0.882920283807865,4.32753332517695,-0.435707819751005,0.823369658904092,1.49029257186365,1.50233633964655,-3.45514907120088,1.3460717209359,0.959199119952363,-1.10714624224469,-4.94723899783094,2.21172120120729,2.4483250893525,3.32789498406633,-0.128729361492032,1.37884986314924
-0.62521818118917,-0.782970639861888,0.29926019518411,0.875093893207239,-4.34470554054622,3.63851646968455,-4.60204770280956,-0.938846769579738,-3.34649884791179,1.96535641671716,-1.9098011099049,-1.24362036938707,-1.96424262404506,-1.9614355405092,-0.608397742985365,1.19910340046951,1.97517455228126,2.99004668751291,-1.11173811880272,-1.79444293432892,1.86891438158706,-1.11023870773575,3.35936937939346,-2.73204653606073,1.89007484592107,-2.31126881293352,-1.37829121596428,-1.52351619442766,-0.301735770689895,-0.764218081924892,0.0936911742629145,0.453126079388844,2.47467023193151,1.52990388509679,1.10689367469322,-5.19544674668646,-1.40553921716837,2.94386089715171,2.68065450419935,-2.20277396178988,2.58959789714974,-1.35027718629791,2.38665670860667,1.25859437403361,-1.71491982291292,-1.0408695347352,0.290393068977607,-0.687900826012377,-1.48176025548117,-1.69017232529373,-1.48989917682323,-0.017243435649444,-0.825813759917384,-2.03998293255163,1.2663942518999,-3.0718075077738,0.31081702027426,0.808664348220527,-3.6283817527148,-0.766444105558195
-1.98274674197785,2.36445665533002,-2.81616625688848,2.36797564863177,-1.97123121973138,4.23710537132669,-0.614913946012612,-1.1076298285705,-3.49670183709507,-1.63013134507728,-0.636109308490972,1.38225536056468,-1.12834312837051,2.24370335789044,-2.21833934075229,-1.07573321351945,1.14119733473854,-1.81606253662206,-0.801297779186056,-0.725368051296928,5.44441133232764,-1.58709902471411,-2.6264763483006,-0.912271209754377,-0.881856410469119,1.09423583801692,-2.54342101049519,1.00745429147497,0.050181288662271,-0.864238075142371,-0.385218078063563,-0.649127669856616,0.394842589067028,0.207205620975421,3.48212104655993,-0.78636782827309,2.37082390545368,2.36584025611119,0.641374271802832,-1.50404630981548,1.87499869322338,-1.45727882016478,-0.634059662587436,-0.918102227817921,-5.80625348720439,1.37932695213626,-0.409257960771071,-2.98876641307619,-3.50685298898911,-1.01550938638078,3.47033975655999,5.68591442292741,1.32521167314319,-0.303689749994245,-0.645118963258263,-0.276101387805812,-0.874885169124817,1.8907822981374,-4.28777114152285,-2.18262392752375
0.113708267642167,0.605436058052994,-1.82290338706534,1.30121438746689,-0.999987832427483,5.1089419855036,1.09802580470133,-3.41907560693951,-2.67180728834172,-1.73043634896848,0.0577771053794927,0.0493009349445215,1.23923773216235,-0.244854960409542,-1.61840806009146,-4.47769423476863,-0.322495248246749,-3.46386224601131,-1.73670454370669,1.71873983180297,6.50298458478731,-2.53427303492613,0.217446864741737,-1.55666848896414,-0.142640900685463,3.74400094730995,-2.106191123547,1.9595461450076,2.01485951883497,1.92972346376197,2.44046270982521,0.568782999370885,1.69515754618709,-0.819423832728839,2.84567471842844,1.61293079272982,5.5990572751887,0.940173179170439,-0.160088330239302,0.125427138876893,2.26437370020717,-0.0689706031830533,-0.816320747436194,-2.47294339481609,-3.92230589660041,-2.09629024085371,-0.549538574676453,-5.56240301895493,-2.22426160264233,-0.473225844883126,4.61641023466155,2.86448357988993,-1.43685532156589,-1.06250494867041,3.02363776633632,-0.96479803266805,-1.53443212429117,0.132643965945294,-2.77234951382786,-0.0426306069630378
-0.658816085209446,2.43553388350212,-2.80513828444892,5.67176804139531,-0.770457264213968,3.0275969829641,1.01524518030565,-2.65460701538623,-1.93813583652144,2.6073237469256,-1.78091586364208,0.322360975189058,0.644551910471056,2.59564317569469,-1.22499639891035,0.797830392111296,2.92410165794624,2.67311737363141,0.0602718959640069,2.10794220213051,5.23173527618611,0.388638341956614,-0.193776224586748,-2.66501211344941,-0.382400822722706,0.054982136470068,-4.69242756057133,1.08091472181365,-2.06860765946846,-1.35052380752899,-0.363442393682132,3.51941177308194,-3.02142199221995,1.86855368257484,1.44969873791605,1.07196483941552,-4.30686012583604,1.57865870174156,0.545140947671983,-1.41407677290598,2.69139163521736,-1.53921039577298,-2.0515864239916,-1.81781973208213,-7.57405964641874,2.73960428696074,-2.62688374149289,-3.84227318326061,-1.51733773780212,2.1018343832415,2.43935972551576,5.47506704183028,-1.62030926416186,-1.34333953457726,-0.0108720029611017,0.132527510698184,0.109231475148158,1.6154165608262,-2.13647804453251,1.13128522201276
-1.00203512548232,1.67064612586992,-0.732535021895529,5.55375000827014,-0.467862988873137,7.19330661515754,2.60648980565659,-1.79343285483511,0.400457094656929,1.4728146566986,-0.578967397080639,-0.863566347759985,1.63266890771885,2.30019741210508,-0.822159689352873,-1.64486244333789,2.19426922082019,3.48894734985658,1.00465894304557,1.41769225220148,5.35362953541637,0.753005067984958,-0.882413854009974,-2.98715333187898,1.24834648358648,0.711384738616595,-5.13671583088493,0.754573987383635,0.616805930625531,-1.77784651522809,-1.57214535873177,2.46818611018389,-3.11086191811231,1.53768940763948,1.95551089293395,1.57487062820696,-3.22608669405377,-0.353489506322119,-2.53983464223566,-1.62529124992004,2.31417763943231,-0.15867688182548,-0.663236568647958,-2.66464053460606,-8.72797229253978,-0.202309644509113,-3.73683922334421,-5.09119686945835,-1.17937538949804,2.49745562618393,1.96314843228465,4.66837887224954,-3.41471129386888,-0.523154923727028,1.92650136250744,0.0342209886044795,0.310479462982383,0.428690061614337,-2.70095099388144,3.64347385155378
-0.0998120277870547,1.43208588641717,-2.32305777522058,5.66453923707775,-1.97239738189406,5.99603935396575,0.737421745583638,-0.663956601436108,0.15322978092987,0.933930654020656,-2.31650092451927,-0.22128607029034,1.12123921016931,2.87468037344602,-0.973647189078028,-0.604297652092091,1.67186400139561,2.47545216057465,1.29741235369141,0.425274632065508,3.28997749955101,1.33833942031251,-1.8496733134704,-2.33041388101809,-0.880638481557841,-1.35486787771998,-3.24619320458642,-0.264856462357928,-1.64592569933782,-0.528036684049666,-2.88427050225686,3.01110570733306,-2.52349623864198,2.12590676601406,2.57987508219089,-0.187114296852428,-4.10557018192654,-2.00428934145063,-1.64109713633491,-0.229350677981529,2.47065518049594,0.299681379124579,-1.77460496694683,-2.87024502961781,-5.87020450299116,3.10179580106892,-3.65336532696346,-4.44851983672666,0.707518039550401,3.89348950339669,0.25024008731689,4.34635375404531,-2.03505333528693,0.522173433237372,-1.38165447929708,1.00690957107413,-0.681544645852289,0.536895433377222,-2.07047110512464,2.03074683540128
1.25203459820151,0.862443606760162,-3.56633136871461,3.38763662063097,-4.54101500694919,3.55095767381123,-2.07488995088038,-1.15911867248803,-0.748472727893907,-1.79210586844902,-0.431878983470948,0.75837875885361,1.18853080123999,1.03967291765526,-1.08295045171706,0.249606924320843,1.28088959913179,0.977339843783356,-0.387844379095417,1.667284816405,1.56721752649782,0.186860445928934,-1.72051231013389,-0.141687357593127,-1.62355512254962,-1.50602296158522,-0.510779124371665,-0.831927399948954,-3.76439263447374,0.473538152875202,0.075849714469408,-0.146262247395437,-0.686153504263365,1.90913443576526,0.896344655151018,-1.28501938671656,-1.1067294698347,-0.992058970687136,1.38348934026275,0.0516899543062344,1.02810463811366,0.00858170732298269,-1.89657456044852,-1.39273719160727,-2.05887927275496,3.30706230884638,-3.47556204457142,-4.36411203776788,1.71735969677824,2.77869942015631,-0.897277212964178,1.82291129396873,0.827317059785592,-2.13789023522912,-1.83790342925189,0.721402256249775,1.43946185736546,0.756411583306863,-0.308331486560028,1.22390777253383
2.50420319347894,-0.496703100474644,-2.82081682993046,1.51267232180853,-3.32523073174421,-1.16631653681595,-2.6699346748558,-2.75801844890165,0.441835100285769,-3.5117460827424,3.29671725622293,1.63549316689141,2.96388857091787,-0.927356360524266,-1.90333337739479,0.763484900445445,2.09395754789638,-0.62121814007305,-0.358071867602502,3.75204710399803,-1.3447284498603,2.20024798442582,-0.600215752291812,1.21264008936207,-3.03253081480864,-0.893965695845206,0.201392021669255,-1.00108244030245,-3.90181223976673,0.963657434936424,1.94943516557347,-1.98764290078148,0.696446832776111,1.988231582517,2.1180163146087,-0.0227038225485356,0.337774650932958,-0.414669467301972,4.95393652934296,0.652558339298094,-0.24292514714745,-0.404731710211618,-6.35698224762244,-2.38470615010904,1.90973130690493,5.98637779819556,-0.766020293326454,-3.9697760028023,4.1255846421866,2.40985662826256,-2.39647345163745,-0.239487861250337,1.86937338018903,0.851465449524,-3.1716378707467,4.70137205518283,2.29084519508689,3.02594267245034,0.550214661375315,2.74335076491828
1.44662084808058,-1.16497513627056,-1.57251409160799,3.34543072583927,-1.5341439850392,1.20038653324624,-5.0327103664967,-1.26462392078207,3.25959980258422,-0.97634803197334,0.514172861751412,0.0966521691416751,0.482351654431516,-0.839284053561743,-2.03288658120827,2.08035934379887,3.63016300385729,1.68793054313825,0.29986953719411,2.69539320702896,-2.80037951023999,1.26895086440701,0.439275513576146,0.527843366736869,-0.989205149971397,-1.20565265915623,0.118671505585246,-2.68128595024156,-5.48923362422649,1.88529065519272,0.124617913703841,0.265907466310615,0.509187031364959,1.76968953819989,2.67050800937013,-1.30474300749996,-1.56842565961272,-0.844450595062524,2.72693979998904,-1.43949580553832,-0.195033080271497,1.5561251777611,-2.46295276496423,-2.60987991712744,0.996078076350739,4.77552745683177,-0.403668759867917,-1.89373677711909,3.27222487725438,1.21672094628905,-2.30603915660155,-1.44105130820302,2.24308279394809,0.0164629029662807,-1.07038364466765,3.70634794746295,2.74821580799446,-0.677379484729833,-0.674934740203299,4.20517333925893
2.93529420933162,-0.109969110091342,-0.23799942287202,-1.79996244251221,-2.42544925002651,0.608405649457254,-3.38303993898909,-2.54332812533796,3.0330091041622,-4.03029478182554,1.81119075018683,0.969779536976205,3.77501460087116,-4.00273641065902,-4.38554744347366,-0.758511786173436,-1.675860407928,-5.99849733129007,-0.407877256579582,1.62066506205641,0.103589670526549,-0.947753760860267,1.23901271829242,0.50429776278017,-0.975188902006625,3.07723590383541,0.56514189546646,-1.05963663227844,-1.5372261065274,5.96104574041316,2.11778610079987,-2.12093793632429,3.26430785012471,-0.123884356234005,1.73593136209974,0.688869279227169,4.65300175857529,-1.2900547397817,2.5274868885144,1.39972009374208,-1.96374620263532,2.65253072066101,-1.76000122909461,-1.73075738389011,3.96166286192281,-0.145222721235001,2.51243151487387,-4.40616337461687,2.05676355586064,0.0838916328381412,0.813299608775354,-1.70404128299272,4.50024192892354,0.31017751017035,2.97009483149247,2.54685647969067,2.23287071879983,-2.59614821725759,-1.09125862908689,3.43937888176854
1.57969925001263,0.163819203343471,2.43401203500754,-0.675353599054122,-3.20034327329054,4.43638909168328,-0.660450205223042,-0.951937638931807,3.19749138463952,-2.15584715449989,-2.02038120650065,-1.4714673923754,1.66107943100803,-4.53735529348313,-1.3410303242355,-4.19295956540408,-0.910444565378916,-4.57843779436462,-1.28434633156163,-2.72090340505443,2.41813262130794,-2.2234272552683,2.1933181902583,-1.39214070474187,0.219112517446115,2.48888471238965,-0.908514100270859,-0.535329883505488,2.66913177068186,7.76766194260952,-0.795332712083784,-2.91398568017261,3.16822880422598,-0.338139631428917,1.28838122269104,-3.15832767410977,6.18074381674346,0.357643918982031,0.92948206645404,1.66272543714063,-0.495791227957302,3.60731625898801,3.14852051641534,-2.54899278249043,2.3997180425254,-4.34406922549937,2.19066150627149,-4.20707682060736,-1.08374146933941,-1.0419649689645,4.33829125687939,0.213757505503605,2.19265184950569,-0.580032797169818,6.71109081826814,-3.19181574786662,0.829230587171619,-2.27269235930705,-2.69046068882329,0.923979848492023
-1.44092400896602,4.68103637262863,-0.241211147319931,4.44078107809237,-6.24940537463858,0.757073820818517,-0.487738360579485,0.999785804461938,-1.32924371465386,-0.513456778843463,-5.37076939890175,3.84083985748167,-1.39399719536083,2.27904599789672,-4.31582001352343,3.78648163649458,4.01897739627821,-2.63691859472181,-2.42931215939009,-3.96351808807003,1.40130687386921,2.17410288817154,-2.0294666376021,2.86134372749672,-1.72090405851786,-7.28579259597271,0.872365391804566,-0.371231935830603,-5.98285568289046,-0.785609935048805,-1.18749723407832,-1.5408302662278,-3.59061619829282,2.99523581962529,3.06257038958395,-2.20810167548357,-5.03999209129615,2.1283983387207,0.585854699902854,0.866841709875766,0.227124476448087,1.54088511925779,-1.60668214042295,0.0703926552960337,-0.807763570185802,4.089634068731,3.82712109345583,-0.0884141483793719,0.106437611952596,1.38953500623725,4.9117625432444,7.33259414536419,6.089486360712,-0.858449058188293,-2.35558329486661,-1.88696957446326,-0.602164835380057,5.54465171945316,-3.56572759409117,-2.51099009582709
0.263419655727116,5.03213877026411,-3.7354781772702,6.05884019666129,-5.59743752842056,-0.847581930264922,-0.103661551578117,-1.53129492942924,-0.144025786401406,1.74741749794368,-3.43727224114213,2.62307240140953,0.429707021176514,2.78000505319781,-1.57609456559574,3.21031888007756,2.10724413086566,0.415976721743267,-0.0416822877383556,-0.475123261428665,1.27802976883249,4.51689474575244,-3.13910201231122,4.56508852489851,-0.862874571198311,-3.55654430066034,-2.17972408358268,1.09612242199968,-5.09371400123786,-3.22142342075207,-1.04472906433437,0.364162350609766,-3.28371606614763,2.0257071155585,4.21919852929303,0.325941797745558,-4.99530717792674,-1.5031791718462,0.760691562620881,-0.169118488458376,0.378259910120022,-0.540553313140468,-4.85063773010786,-1.08654403643287,-2.72301953074239,5.21528679167575,-0.599472911921094,-0.671952631742519,0.889912674320777,2.95064466268675,1.77310468243829,7.07833182188209,1.54764764120778,1.65844188935338,-2.255580368835,1.11342877995844,0.395358657339975,4.87516055904564,-1.17040683562489,0.0021727317326663
1.62555587112881,3.04962386872351,-4.17709376201491,0.518885917254672,-3.43764138875784,-1.59584395816376,-1.93824126766034,-1.69910212989924,0.235659391762463,-1.17192987223752,1.14341513958241,2.36643924496717,1.35292552758151,1.03332386231922,-3.40012019683623,2.22039244345178,0.706164697114418,-2.58331831685546,-1.51561964787534,1.18216390215065,0.191566231499219,1.50805280379985,-1.96538323413378,5.07862881863791,-1.97032917048935,-0.315742374254413,0.0123017023951277,-1.50115154622971,-5.00820939892606,-0.0926351684890867,1.49689852812597,-1.49097613209395,0.706261420184494,2.01531384861685,3.00499274111235,0.0581094148526289,-1.17545856117718,-3.07831137669546,3.41880572959709,2.90278448788168,0.340639174876371,-2.58528689149925,-4.98109594816767,-2.56697295488285,0.0291446078094487,5.62908512907103,0.718037181284712,-3.20279492195917,0.981457083447743,1.95190308811207,1.25438721850815,4.98003334297062,3.33444228356447,0.811086698864027,0.516211401075623,3.99136844284507,1.682196641941,2.09974333773824,-2.39325067943963,-0.0653001785659364
2.30823164399233,2.73448813920937,-1.21603856668308,5.92650996362155,0.0428810166433982,2.25782492891648,-0.410973772876664,1.21937517117007,3.51444514192443,6.84849434534572,-1.70782675783543,-2.47882992091375,-0.126500213074185,2.21895343037489,0.311347812030783,4.45827785606822,0.599299764620683,5.37889620132882,0.0318060378593952,-1.05099475888909,-1.11968564373163,1.38784640934854,-0.85954779947061,1.98315588055871,0.903571497083929,-2.61009402608606,-2.83398605788795,-3.23663425076443,-5.04919051526889,-1.9947107244949,-0.184459985226169,2.3810891499594,-2.95753150119178,2.17328597535072,2.53007970808852,-1.43563856445309,-4.81681288503031,-4.4094886892714,0.828530634231283,-2.73761931924775,0.536201899165896,-1.79032842152454,1.56751834229125,-4.27955917663142,-2.29637350897341,3.54343247084631,-2.6262514659493,0.223927576821829,0.111610600056004,1.74698740357518,-3.04360400778614,2.99379410665094,-2.05977979072717,-2.05501013839768,2.6973356791955,-0.257807720340158,0.941117962605033,-0.779077488121613,-4.11081015793706,1.08202233687646
4.61383005575612,-0.858312145607242,0.5639429019225,1.66863056661102,6.55216465301,9.16416852299459,-3.22342306769756,3.20369361960659,6.59581585692397,0.834262707474735,4.0551560373368,-0.672537117702138,-0.934140535884229,0.228009672492119,-2.55667564896357,2.01202621725825,-1.07025805219233,0.33170712510121,-0.420276273721197,-2.7030925446447,-6.15921644900102,-4.50055445011304,0.0902239589515723,1.65765710615333,-2.89818485897907,4.16097133663038,-0.948575912989834,-4.94741433396784,-5.78559549528653,2.60867818363601,-4.13769194079399,-1.88746238298382,2.86090919262139,0.76843630584575,2.61613294571672,2.41376468849105,3.74410059740752,-2.54164073286268,1.84487247143962,1.11843821491767,0.15910568229715,-0.146759674747474,0.899365092214483,-9.00708513432084,1.35930600610574,2.61504966871299,-2.31869302868313,-0.0575408898478855,0.287538626309614,-0.353365631103306,-3.24734077358834,-2.45475297327115,-1.55131003822905,-3.61242454537296,5.09290512819768,1.19366773233522,4.55125801246038,-5.66281903832935,-4.81919005384735,3.00838619313006
6.05122453767754,-5.06270868019057,1.54516289811759,-3.022485150884,6.83615585069519,8.216950600597,-1.29654781725596,1.43154449514395,8.51884290337052,2.39979896640897,6.26500616186651,-1.42178240795082,1.50075088181654,-5.13107355214348,0.571278778987902,-2.31441317488075,-3.32341482954611,0.218794429400395,1.44763516423838,-0.668305423080981,-4.68695376459993,-2.60801821320047,2.73277216267209,1.01386263917807,-1.03825409342736,8.23367995756522,-1.55454340022901,-1.20929537207697,0.500531745227749,5.3731780920756,-0.0727713305595694,0.654332167524807,5.58058824971876,-2.08795566043467,2.09755817927675,1.37815859971592,7.42188718595902,-2.7008739084166,1.71325838548612,1.25545297739835,0.916794839153217,1.14419831049473,0.607261836999809,-9.17834057567782,3.53489230050758,-1.83634984168782,-2.96118941372524,-1.62844449861662,0.39860599360248,-2.00739835315615,-3.24965699545617,-5.36561991768606,-4.00111477371854,-1.38680983201952,10.1675791122654,0.121238454076991,4.29751113117152,-6.95305137367075,-0.498007696525704,5.11480770241893
2.92369446535524,-2.70178359950554,2.48260848919561,-1.28014943028872,5.94322909126166,9.1082512216452,-0.959122893477412,3.45222179432583,7.41159439790697,0.289348619580371,4.78136861390684,-1.18603450385182,-0.678640879016016,-2.34638740972695,-1.98982995005458,-1.31585071970363,-0.237525347463626,-2.17788255540888,-0.0767316959060806,-1.41297623832064,-4.30589927833481,-5.95426406105533,0.439770218465688,2.05024212801708,-1.41765966299138,5.08066272682662,-0.41385902897777,-2.42345890435191,-2.26158097158228,4.2635739748886,-2.51503127880067,-1.87086933120566,3.53230417498793,0.536083814232421,1.69103498173809,1.15267472825507,5.87223735683061,-1.402070774508,0.840597550855821,1.40253457955452,1.74674630099283,3.06728631288535,1.40382955973845,-7.7740565605036,2.18031395906473,-1.5931625134109,-4.00536094855985,-2.12167448914597,0.0487526702044728,-1.77244811505297,-0.46881752083149,-3.57193147817638,-0.800961965119607,-1.1320999499608,8.00938612444384,-1.80291839095799,4.17377606514203,-4.15300453808448,-2.14286032063664,1.57689666313796
0.0372060763604619,0.0822601106437762,1.43023445810626,-1.17975328124503,4.47662332810856,7.93303911646844,-0.429911650559436,4.99973322657455,5.0754717723491,-2.56787650350576,3.95174429789313,0.422958011496013,-1.14961949118671,0.571173812115711,-2.78307067498793,-1.98096904697188,0.9995537053444,-5.43438897095718,-2.00011279186808,-2.04459384330951,-2.97663303463399,-6.63107449574788,-2.47147837905624,1.69251897913932,-3.34264598051099,2.71377265191109,0.53378248403209,-3.37332992751056,-3.8655743009394,2.52777834698332,-5.33250519209312,-2.79504605883729,2.94959667314506,0.717143277887552,1.74215190707403,2.13359860787458,4.70839128438364,-0.0739365729392127,1.09502869737035,1.76669394622649,1.02324805462942,4.8918207687402,1.58592745559477,-5.92977749743203,0.477529931102859,-0.0615720532865076,-4.04824085027053,-2.20179446338733,-0.0167447009740999,-3.18992545560953,1.07892319552766,-1.1364509982971,1.52109438919588,-0.252185794251224,4.18472796662714,-1.51786122909347,3.35554553836996,-2.03263139790327,-3.11543746014338,0.394182745828755
-1.20895279803988,4.38024919515605,-0.861103437014209,2.01919555985302,0.718329263174522,3.23698367611963,2.75159995843447,2.14703416383986,1.98104007464586,1.11471174551006,0.355874544281388,1.04368541180108,-1.40961148131063,4.42967162469279,-0.837638587719267,0.099912180491003,-0.072227857307177,-1.41307748352253,1.17755161078766,1.12620876427393,-0.275451179105617,0.0626277100423203,-5.70273376999306,1.98313563368007,-0.999247060172753,-0.633737696808215,-4.48431054312553,0.732911048778111,-1.7273486144576,-2.38687936477913,-3.19010752323008,-1.24662086917227,-1.76977036239666,1.98219760675,3.87716864143555,0.295285423763944,-2.05489597665194,0.469298046312583,0.243507356332953,-0.348118611512255,1.51643824603164,3.14194181216967,-1.60756328143814,-1.74505960692065,-5.26927571528751,3.23215847658578,-5.70270246381248,-1.40877574353364,-0.948802654387391,1.4985698398425,2.26311412629679,4.02204477379552,0.139722739109079,2.81622821589754,-0.572771891007766,1.19607728989404,0.7740197515005,0.763967433828335,-2.93078879972454,-1.70741768591051
-1.71224256120789,3.84729982409271,0.328398063071553,2.32120933178408,2.3766113175161,5.8253760639423,3.60222378574406,1.83059107463415,1.228457728392,0.474156847016873,0.84211194348365,-1.51719038188141,0.116838422144052,2.90352776882907,-1.41651997025951,-2.39326205788349,-0.839083583854698,-2.14644365885765,1.66138924582447,0.0759233619425945,1.24665008654092,-1.56143345744727,-4.15719175750504,2.30343850456961,-2.30144960407904,0.951080980049364,-7.0198358930231,1.089155989064,0.192588421269322,-0.358370128655083,-4.10637863752861,-1.4745038091679,-0.560923293196802,1.40448756916819,3.60504721394755,0.85349256091661,2.94913215592303,2.68484389292069,-0.55782887310065,-1.81027873673284,3.023247413813,5.27468726758782,0.139735879360309,-3.79805237476514,-7.10262653781823,-0.233853005849159,-5.68347414940451,-1.42358822793947,0.037979874645957,-0.254975208854717,3.45357987458099,4.41750183922795,-1.37229776198257,3.20522003127719,1.60438173404829,-0.532075998094531,-0.524444076341121,-0.220630290335819,-3.15659213766958,-0.571798883969542
0.554846630815068,-0.49079374810462,0.682920176340386,2.8334920746098,5.71427361284084,6.85087790231783,1.77859511935594,-1.14733048200355,5.54982598237196,5.62478238510166,4.79758931631171,-3.31669805083557,0.419153656639077,1.29327511282088,1.5407722448902,-0.25340015069312,-1.48237940335275,4.9016495322813,4.54926114885848,2.86916416239702,-2.49725535254671,0.289242773961925,1.74962810487444,1.35759909564303,-2.26761105839856,3.21386593718548,-6.99676637910337,-0.831100746563569,0.448861628383682,0.0349015085264883,-4.26416776921986,2.92980205963728,1.85876237894615,0.24197032941481,2.70934710389115,2.3657117063073,3.89077553979678,1.04782968436013,0.614800019894681,-3.44686988701788,0.441822900981123,4.03318265732556,-0.596892240719743,-6.03550242866776,-3.2948148178104,-1.40803450988573,-6.97859383558584,1.52090458289309,2.87121865308114,0.627003258862215,-1.9379929157784,-1.91929581301641,-4.90306409682613,3.62627727574635,3.78468917212928,-0.325263272328125,0.915858838996484,-3.41919886047814,1.70083366703016,4.34422045263379
1.09578299838872,1.32428072866818,-4.06389208245151,-0.271349921333855,-1.8015961527875,-2.04114355798973,-2.63114279540018,-0.30609261259287,-1.9073035811595,1.31975786362905,1.9795906047939,0.210593315484078,0.834567519424174,-0.0261640234539888,-1.49855751458998,3.22475757342927,0.757503594406584,0.624327627492471,3.00431317518594,3.19596190942403,-3.81057922006324,1.89257415704703,1.67876438670545,2.50840630906486,-0.899401323857311,-3.40615375284392,0.175829099181411,-1.46879770870282,-3.86283450821531,-3.76655199224914,0.976465407523354,2.51468660756034,1.65464863976041,2.36868272077043,0.313946817176661,0.0492410368426482,-5.0030761293011,1.66318926784058,3.36502579791903,-0.426329182379068,0.96276571495653,-0.406316586672882,-2.54776790894729,0.17679171920083,1.84365048887589,4.35374865341441,-0.538039060297881,0.551649891954114,4.95484148806605,-1.6993232279998,-2.05294168554914,-0.0931913045698785,1.33490723356729,1.65048908005859,-2.97019827060882,3.50794366169063,1.54471678507319,0.857636978416195,3.57113655325455,-0.139763284562764
-1.45625340964954,2.95857474735968,0.837453893452156,-0.833956974661193,-0.311125252191509,7.68357741158751,-0.00367897961563823,1.99525191917833,-1.6826975825473,-1.87241208084948,-0.160268969379456,0.430280533471186,-3.78581157705073,2.38219632962556,-4.25457710413997,-0.319338473765646,1.63489438516189,-6.77433575306126,-3.74715319670278,-4.45377698463508,-3.48952841577592,-5.25073809304789,1.13724775745861,0.822723884105823,-4.37029350179537,-1.15289014911573,0.683778791285882,-3.10122222331776,-3.20271908287295,1.36971536465649,-6.58414581512443,-0.753529800549596,2.85661398705741,1.75639990693944,0.205532246725379,0.281719779743726,1.12238354999985,4.43770183572378,1.42937320873513,0.733336995918479,2.62411829540142,4.53776971976392,3.2262237414566,-2.2426982996026,-1.52165608176709,-1.90154368213831,1.01488752573457,0.378348895153053,-0.3132108089506,-3.77755672037085,2.92633925352548,1.28620047645453,3.44837713400171,-0.182160995147162,-1.158969640866,-3.72288664704024,1.46967323624617,-2.62462975176222,-3.02663824159899,-3.67594054111505
0.333923500600145,-0.0504652337240648,-0.889537919952317,-2.9977130301734,-0.409701291075131,2.99019691274827,3.15281301766818,-2.65692190192723,-1.52035813539402,-1.657665980312,3.60789521938968,-3.9803688782653,2.39738889941858,-1.9055263165442,-0.229095957165649,-5.79854130027886,-2.08883035351266,-5.66013341677943,-1.09289493331649,2.00470922946736,-0.410552375506532,-0.662505665471762,3.5220091898656,-0.218271125234453,-1.84301123938415,4.50835716135554,-0.680113347532212,0.336493097107156,3.76919745632278,1.92730613124096,0.247171690718317,-0.577614079622514,3.73583441850775,-0.8741536852961,-0.0661730757801068,2.0103174674386,5.08868339182759,0.790081018712634,-0.419898698647063,2.35798723793459,1.19661179317764,1.84876697153675,0.881166219120496,-0.115879695525176,0.427329779929371,-5.55456132712597,-1.02912600626939,-1.16264990771962,1.35884052856549,-3.2740984884903,2.84618721724315,-0.736138060170447,1.01614274156292,1.35943695057774,4.06637404715047,-1.17705602924035,1.91946745888533,-1.59417136441473,1.77296127071022,-1.037459671259
-0.356227695374562,0.432232493546044,-2.95485889557501,-2.25607270623723,-1.52678908394887,-1.15925372381687,0.611674968063872,-3.29583948708605,-2.57332611855978,-3.57761768039292,4.36041200825641,-0.275188333528257,0.979623208491644,0.628164669018339,-0.144286399132824,-3.63958263136306,-1.15968965601462,-5.70267706222063,1.17483167325553,3.83931896160101,-0.777316529099451,2.10701734836439,0.959926351032104,2.00923065398322,-2.11347251286052,1.88718414847791,-0.176351407436845,3.44120130090775,0.597479797775348,-0.813833729649293,0.384538632822552,-1.90636554025277,3.51881780402693,0.181999099025133,1.77905676782333,2.9153732260724,0.891364788245476,1.91476237785299,1.67360790505745,0.713632424882002,1.30481310988325,-1.695141040066,-2.60492891012147,0.430295013602009,0.862588074280906,-0.0992393498063961,-0.119404177670413,-1.46877448374371,2.46491559755913,-1.81550984019845,2.77285799780996,1.66470980442446,2.89623581122457,2.16051965453418,-0.599721738648422,1.34614909129083,1.1489498522521,0.944447998054743,2.03537605426329,-1.76072902797163
-2.12262820992794,2.61659144930338,-0.422998100150754,-1.3554852605435,-2.27303561279157,-0.0172611127556403,0.773686446178412,-0.907678046079077,-4.57925346030476,-7.85712228880764,2.18910369643438,2.36822571424677,0.741683475692941,3.6036617567377,-2.69217528144041,-3.30808907885245,-1.36872430760196,-10.463386282629,-4.60689951673193,2.16452630258149,1.47228763731657,-0.281592010330749,-0.843071326282181,3.08155732859417,-4.16831925261775,0.775822084341464,0.366310278774731,4.11862778074323,-0.243987988922096,-0.52156746321251,-0.733683587989711,-1.90695450490869,2.71706298620604,0.492542125435599,2.13455886141212,1.80233576161021,1.91516681955247,3.36694173328114,1.81755273173664,1.36780602938677,1.91876096819716,-0.212286305898692,-2.8760920051575,1.90369105306152,0.28547158786294,0.735031723207223,1.41773996073229,-0.814353867192357,-0.285452434799698,-1.65648827511721,6.49505654921062,2.79785193083813,5.75143542253308,0.27326425668246,-3.11874134320716,1.32966902815306,1.33352208898065,2.46801316052246,-1.12338109893822,-5.86493096839303
-1.20411297041582,3.69298313591322,1.16043312934067,-0.649121861261878,-1.2338298977428,2.64746221902596,1.00375006352815,1.69819420524666,-5.93837809233943,-5.49657116889378,-1.43490516700211,0.253760581063188,-1.45523642297559,2.34049411944067,-3.33171951102163,-3.0329542174695,-0.979259878984013,-8.33135712323641,-5.38681536562318,0.455426599840249,1.56911731689543,-2.13391872192863,0.726425525649416,0.558918466802986,-3.28616949919724,-1.33928765998223,-0.263299673673906,3.52531456485819,0.333039129730736,1.15450828327838,-1.58372553538727,0.469125079809571,-0.0123839312779188,0.611952304776295,1.507372679073,0.0274785954008236,-0.205250611107276,4.17934747838082,-0.256496016801286,1.70919670955781,4.19948933144064,1.24494803695924,1.21124805473685,2.82240258160575,-2.55721787982074,-1.91431931358698,1.32952799574983,-0.820706023101422,-2.17347625976129,-2.7556771065623,7.47485551037258,3.70122865156444,6.87120499841236,-0.583958470469681,-2.63708016367834,-3.30537634246954,1.28248272799321,-0.0250574953712399,-4.59505063059061,-6.40764035831045
-1.87667341855634,3.60590201091969,-2.46853515018218,1.62820093194043,-3.52453093708827,-2.09039621135697,-1.20295844884097,2.26190141089678,-6.9221011539842,-3.72800690904176,-1.651099742729,1.5732218170875,-4.07286998505605,4.17048515622072,-3.04106890811798,1.772302764425,1.98301100792799,-3.44637048554164,-2.49998655855281,0.777442209936385,-0.87751665404175,1.66599175066302,-1.59331306706303,2.27047883372415,-2.90587777906095,-6.0616797507274,0.495305561260095,2.0819240500694,-2.89736245532174,-3.3060729921216,-2.09771082479896,2.0027370924968,-4.14789316113297,2.65047567100538,1.123648720169,-0.894719902083235,-7.47032498289629,3.02006786892016,1.41499197334005,0.0715900738885399,4.12261109246357,-1.99575002131975,-1.79474020039546,2.65098842051322,-2.309432199225,4.07594767150083,1.86828404993089,0.74330920245714,-1.34769457315291,-1.28214880686416,4.06463351355896,4.62300365525193,4.97623689493971,0.397619602058815,-7.97008536108072,0.871423377444636,-0.0307409130817545,1.6832089819966,-2.68856943968097,-4.66606491482446
-0.691541053367116,0.449868033730495,-3.21059980228906,-1.00606448874403,-3.63425404170065,-1.45666757155916,-3.4567304390295,2.66541765963891,-5.7237972783335,-6.40609807443796,-0.118113841696455,2.21155548246003,-2.31290430309426,-0.600435718170269,-4.75676421373828,3.88364134252813,1.95776314458431,-2.63217673768016,-3.86152657726935,-0.282975587619464,-1.7158166377376,-1.57264256124309,1.16779409369577,1.28413789094066,-4.28274807918767,-5.48428192413873,3.06728767327736,0.543578944205342,-3.61433967766329,0.372419148209634,-1.71531383566601,0.46220757842962,-0.729207801064812,2.34366716616558,-0.708161361241219,-0.239280017351338,-5.68922960128838,4.4967532562092,3.62311862116359,1.526161601702,3.43181856434161,-3.06799385747977,-1.80855379379418,0.559029559106051,3.29293105225646,2.99162219266064,2.92985024889908,1.89218038184844,-1.36524315915522,-2.08779798542183,3.01002723728753,0.901437517951663,7.25354000254355,-1.41824036056093,-7.3369710470648,2.26256010123397,0.444100206167885,0.167544193921955,-0.368299729390919,-3.08470515065192
-1.62699283952319,-2.21048481860819,1.10018175188541,-3.06694582192116,-2.71424329820241,-0.574573102845075,-0.676282225139439,3.03705092330575,-4.87275213085796,-6.47307354954968,-1.23145448542347,0.386486249567686,-0.511141261165653,-3.7789324969127,-2.93840112368689,-0.964601306751585,-0.812321045641902,-4.23282074655461,-4.5101171556631,-0.15715959468338,2.2663642913776,-3.58218134874606,2.96688942508437,-3.2588501632,-3.0994574768677,-1.41088446600241,3.63369270960332,1.18142211878301,1.38718916900818,4.85734155290532,-0.500977441788156,0.0167895014045811,1.86311372933741,1.75157140980347,-1.64536038191874,-1.44993301999837,-1.19992078006082,2.7858570868383,1.81740045567157,1.60239900075974,3.02673100278998,-0.915722157831037,2.83812715842914,0.862992311995687,4.80973865507225,-2.32453134882044,3.52071078031682,-0.440085743840361,-3.17681516919802,-4.20806576011868,3.73975534048197,-0.546514652887483,7.54535707776957,-1.77964149145445,-2.00256092305719,0.18793200871594,0.0840357437937048,-0.896421105937416,-0.758434783974636,-2.34551178250253
-0.111274952725859,-0.421180316668744,1.10952304704193,1.70760885090705,-1.22111503381184,0.290007267247036,2.72737589286731,1.47779132790336,0.635204597113519,0.0243446709271669,0.256222312431522,-2.37400386598715,0.667187994676977,-0.471489175283777,0.715544529196638,-0.207209660070667,-1.94232661678393,3.96855804588398,-1.94393589254333,0.915793212864485,2.25847857138128,-1.15891965347324,2.72698724715078,-5.38855530443837,-0.0789171928288466,0.467238742114431,-1.99896542622206,1.0961345119169,2.62334308049923,3.18943118319778,-0.511528620763756,3.07704033980213,-1.3433220555403,1.45974262423012,0.860409070426775,-0.38705568792788,-2.86660887239069,0.213150231942679,-1.9588973996286,-2.47327789148282,1.52801093608816,-1.28287799297325,3.62215436997725,-1.06651000042289,-0.185302342298917,-2.36237573525781,-0.759602860366443,0.519757385181102,-3.83461704421141,-0.163473658423578,-0.0756476984531776,-1.44074205520906,-0.131728027393453,-0.69620844393527,0.263752987140626,1.11276628145232,-1.79236484297199,-2.24451731668247,-1.01381290950419,2.58378855047952
0.507404739752989,-3.1450273866817,-0.854355309510372,-0.0104283144208241,-2.66364044702985,-4.13120171384082,-5.52711515814787,2.29099158174762,0.286612167866135,-0.862505334227166,1.19965127622284,0.245073405836109,-0.222147164304071,-3.41342174210931,-3.17131956930358,7.47257904288393,1.64597321018339,7.70931175643746,-2.1934576754417,1.53494863327534,-4.57726264016308,-0.214866711792167,4.13331991454033,-3.58142671586323,0.943989619018275,-6.60878210195669,5.02071851125163,-2.70985845179159,-4.89621746872585,-0.664050441678059,1.32763477847245,1.99004256408271,-0.0889199245591732,3.88640868884406,-3.20710413204874,-1.45782647928698,-8.29655671229082,-0.744553081763636,3.35624447855858,-2.88687451128773,-0.0093028135935761,-2.45125597495349,2.03367146040827,-0.171119091921638,6.82177954897946,4.0373774892941,1.32385178439322,3.66709266529385,1.58190548035492,-0.134812243083176,-6.54743681064253,-8.48684970012364,1.27056256509285,-2.62510360589578,-5.66238054584723,1.92653585620385,1.40455007259467,-2.15414426576872,1.64677464018005,3.58880828386405
0.562257221238402,-1.94563712290776,-3.28854067394406,2.06729125318623,-1.13956483549685,-5.16855119757016,-8.67646341334451,4.38212260887555,0.781217808947956,-2.5687737456771,3.79922909001722,3.28330703803026,-2.03705784993241,0.868017733695744,-5.43489390796598,12.8415097380827,4.47666855935733,7.31778645589015,-2.12130253128066,3.17603063442282,-8.57195995969902,-1.09760670913034,3.02125351648335,-0.799105921301454,-0.647482250940028,-8.64008722796449,9.54603563969737,-5.455272488597,-11.9145569605923,-2.60244413558434,-2.5261840812483,1.37835649698868,-1.25211883083556,6.68817174931158,-1.52760728511113,-0.813115155998983,-12.8283141346398,0.102138603367012,6.23413255102911,-3.27650986262813,1.13928861088261,-2.64036799823857,-1.64046576405414,-0.812913720629149,5.8333182033691,11.0239368812448,1.80670930248863,6.02389685400261,2.39326402235733,1.66754384014782,-8.88315003895902,-8.21531014728511,3.37564731420215,-1.06034696557707,-13.3775284523083,6.17839801688046,2.84393425807478,0.60397566405819,1.50628563972717,1.52931923894074
0.0531941571147573,-0.149677471410679,-2.45771748387326,1.6634532926544,3.52694891069885,1.58758166652259,-3.41817491155252,4.37752273773278,5.21753408176949,-2.71233454142716,6.05689107940235,3.65949922996422,0.0574756229058111,4.08014102460252,-3.2608690761895,7.6654782185432,2.49364893888696,5.84184001527509,-1.27293141405337,2.22361735148836,-4.10138687389264,-2.18200199389505,1.0673162879752,-2.37084621444911,-0.816395814369265,-2.45892368147253,2.91528940085381,-4.54378895332122,-7.96420668681257,-0.154222422970016,-5.77560373426072,0.707827243583884,-0.504749748895531,3.28742844100396,0.544245195149513,3.24438525329351,-2.87199396065933,-1.01770386821863,4.61649248777088,-3.30802164169168,-0.0137670459987341,-0.146529492998753,-2.61115053104848,-4.8141712865166,0.0241756687960204,7.43007192811878,-1.67171919022646,2.82132883034939,0.422279684941134,3.29314075633197,-5.33247615532953,-4.41279454568813,0.619012860553791,1.27175248466344,-6.28886277769481,4.39856451748619,1.43582598635121,-1.27800691762768,-1.82978933419083,2.13035819203007
2.14429880793938,-1.02863022702268,-4.19692605965736,-0.420717266691959,-3.43855268946659,-4.22889301810728,1.8945091019169,-1.69483289622431,0.0352507107361045,0.241292336160636,0.877443217039036,1.48203249458373,4.05330809698419,-1.34320762309682,-0.314316083020712,4.44062085478442,-0.389786239599251,4.71173951972881,0.714555786272783,6.03550216836136,2.16532238858646,3.59453310113257,1.12311411099641,-1.88515325408104,2.98310739867059,-3.03220928160673,0.0584004854005329,0.946716982281417,-0.359411639987014,-1.50518411944659,3.5876969363012,3.22068146754635,-2.73742075429365,2.37795500632189,0.497827597860524,1.59671524510236,-8.11014532317687,-0.640935285117758,3.61776967773831,-4.44024932770389,0.244630956364696,-3.71395811874754,-5.35756887723877,0.345628205948185,0.270881443711744,6.20323869655173,-1.60639342413154,0.0140212265738676,-0.605527094329188,6.32963234769582,-4.0542010489922,-1.54631148242239,0.0171660011400556,3.09065249579054,-3.19719634188205,5.44607537583773,-0.274269793185789,1.69952837690613,3.54604267927729,2.41614902952735
2.04800753805471,-2.22502655312748,-0.710328404625058,-2.30050344886515,0.115320642160248,0.682957618234247,-0.736795336779444,1.46413803694813,0.582797273533786,-1.15950286208267,1.89443490973149,2.8671168882999,0.335741812343294,0.0381087375193531,-5.12051434359475,4.86237543503562,0.881329979639506,1.19778114634102,-4.04781809901816,1.9917858092252,-2.29770157563182,-2.40051520509379,2.83468552882484,-0.864626503167772,1.12999796749898,-3.57609979363803,4.78933591602126,-3.75424067356029,-6.03529556535905,0.49481601241791,-0.606987298866623,-0.195789752709016,-0.970600325986422,4.13901281855206,-0.337650863272812,1.14444109338078,-5.77056153072651,-0.0991635740713041,5.70879200057395,-1.29681977494236,0.215825461670804,-1.21956810705687,-2.30255843364818,-1.93177152859183,2.02334960625039,6.65664700409553,1.28519329205105,3.21577059202032,0.446847608155386,1.76594508998465,-2.75556551581998,-2.34509581999866,1.66155438023306,1.53748087499529,-5.716564693047,4.93956674342598,2.18871301109507,-0.259793544182371,0.220260784024975,-0.787004135087974
2.25615705844781,-3.55237685705578,-3.35072747907136,-6.56499490941261,0.638446940529695,0.124026054548084,1.89154020774856,0.240507405911219,0.562183326119473,-7.15568577236845,5.30850935249774,2.54342462883867,3.93209030881538,-2.36372812483027,-5.0498754247676,-1.99547480133859,-4.10072087787289,-6.72828798644459,-3.59539919479507,4.2264483140782,1.15076224750356,-2.29717994222128,1.97373070983168,-0.596832150770144,-0.00594474424574809,3.60570660421842,2.91871670946769,-1.12298825849956,-0.582136665684237,5.66020212019157,1.93640800584883,-1.84771411502362,5.02970394635171,1.5779356610475,-0.600809585464584,1.74906423082179,2.17475664744832,1.7977201987724,6.37663077903747,2.40713481318683,-2.95628606294722,-0.884931514114348,-4.89558856824046,-0.784554384655358,2.19887223054909,2.0358874778435,0.849003858032009,-2.30723775145676,0.143605160899326,0.509794844333989,2.8256757584841,-1.44241722720514,2.8412343353076,2.40929893599116,-1.5476762200498,4.33338091195134,2.87737817968244,0.791168400468187,2.20030858069449,0.0676073733020526
3.91024205844497,-5.28488198748314,-0.864471249847111,-6.15588335780693,-2.22376778730653,-2.78586549659882,4.75215547551186,-2.59723872549963,-0.301430514488093,-3.03561782757516,3.62538144093604,-0.629819186891055,6.32812297852794,-5.99670773873297,-2.62637659284378,-6.28391675607566,-5.14977590554019,-4.82367094599704,-1.90089624325816,4.11695923785874,3.45223142383305,-0.351625580135441,4.76923782377886,-0.898634763804597,2.22522353115641,3.59777621764742,2.99402621952116,1.64208422946186,4.60936509374468,5.42706316454181,8.27259035454628,-0.432280315719285,4.58422372212471,-1.05869233594642,-2.54561884707543,-0.686058003530414,0.314059091161421,0.865013222146308,5.28634491934443,2.56795028183784,-1.66102939367412,-0.859687195259504,-3.92742877951947,2.93169412961686,5.13618843090412,0.13789106417097,1.76169585615625,-2.75952330700233,0.0274767423869351,-0.279210650666063,4.00050489218909,-3.29990402437033,2.74268812204262,2.71319041885275,1.50470123801213,2.35545181708827,1.28746516487045,2.7810640166431,5.07022671472104,1.86490289371515
0.853479624438746,-3.46800250493005,0.993505958170853,-4.04456326385713,-1.11820877868798,-1.60184884630935,0.928211784930886,2.03842931066578,-2.50863170711463,-3.24741796677712,-0.249994720677631,-0.153512430625007,2.93824199144678,-5.5682046837825,-2.3441619896472,-3.24056224955887,-0.838323901390292,-3.92381243454329,-4.84396748879571,0.825520672835757,1.09985283160273,-4.5329161668793,3.59931318496966,-2.14556885702034,1.81867029713579,-1.4157052769902,5.40523109417263,-0.408058601213099,-1.43585959228657,5.07678468870114,3.6666618915563,-1.27449819839102,2.4472086546131,1.77749706320585,-1.71438431032281,-3.09811577069878,-1.73858008015573,2.29291738400784,5.38522636716683,2.99224432714267,1.82881690777966,1.88295960991508,-1.88908188079581,1.27159814032297,5.27491721148703,0.745016879705172,2.40345754890376,1.46887776841934,0.248163833374069,-2.63794013568799,2.01641814609833,-3.06954076936159,6.03787756037027,-0.226051565893503,-1.66741977339883,1.6802921597585,1.33044996050791,2.78429896174036,2.04863875843938,-0.71183242682237
1.64020171251129,-1.72616468943379,-1.22368609725026,1.94846278127694,2.79100012592016,1.59208438137311,1.47447684440123,1.31574894783741,3.16230358872993,2.53151538104581,2.31133922757158,-1.62499921329262,1.61277158860065,-0.60266073164436,-0.119203692382499,-0.309023859774208,0.128107433348913,4.08353465762427,0.106249655178611,0.775072537569732,-2.62953878537191,-2.85937447839599,4.25437189576853,-2.86923931939539,2.3162952379153,-0.346414351480131,1.02887997544661,-1.48772332997421,-3.2998965006863,1.4739862541418,-0.310821592787772,1.65347842012993,-1.06349242240252,1.32255754034252,-1.03399253592121,-1.11777953538656,-3.2070865491548,0.388094803003964,1.59488498825094,-0.477576861102898,2.13802834336231,1.73360999562912,-1.99757022677544,-2.74588314396851,1.52593296770895,1.21874189250025,-1.03672227578417,3.0741310361455,0.485182872524449,2.64790935339515,-3.26581125957827,-4.1498056029847,-1.09075417832686,1.83674012277342,-1.40742803636783,3.03913304477902,-0.241913460606596,1.38542170133533,2.56442716481729,2.79422266065553
3.2638619013224,-4.19874432715551,-2.74677596210158,-2.05036114135644,4.19170163413649,1.46434248620535,0.438101029989093,-2.84897712256486,3.77438734468355,0.4981541413341,5.9722009246048,-0.0873479282207644,3.13790961483434,-3.09706111123795,-0.258446124496867,-2.09454138708775,-1.31531315268359,-0.261515121189629,0.821543367870712,2.65440846763367,-4.44794452237036,-0.59807668705955,4.09010960907186,-2.99363346702967,0.940346074352824,4.97156994950202,1.24721678749115,-2.98367703749974,-0.620381761915299,3.32945936077151,0.531158664335053,-0.0495210257355932,3.59037663941746,-0.109878915641385,-0.34154385177497,2.25867194803199,3.07507521977883,0.706525043159191,3.00381663491957,1.17311028263912,-0.682916881153369,1.81703401543343,-4.52986466693308,-3.13335108434512,2.80428258530397,0.64051617436678,-1.51275926790431,-0.882285327207437,1.82281981741059,1.51944981059666,-2.8813281668145,-6.9052075330447,-1.10608758928673,2.4236109553078,1.42622002068087,4.41800959213381,-1.05089015924772,-0.854300181108472,3.54698148249293,4.38698302843627
2.61973289259892,-2.16063666449916,-2.07321706227984,-3.38011863372243,2.69943939549487,1.21775034700407,0.812549451613097,-0.613149805192621,1.51051157519309,0.964300095869429,2.77337238725956,-0.423180832585668,2.71827574067225,-3.8679645851492,-0.772491732539364,-2.7257907736049,-0.903617908737744,-1.36088323720417,-0.320613979726185,2.32462875711295,-2.08224950095599,0.0569170529072768,3.1519247148309,-4.1617662983027,3.7350345702273,4.96021689308206,0.616004333351517,-1.29921987616883,0.690281459778181,2.55345978830369,2.69524921394084,-2.03303395098807,3.75833748497683,-0.213825885346696,-1.37468570643063,0.253240729664987,2.09822654265443,1.75571538039164,2.05394924782902,2.00170265830177,-1.38855053924691,3.22214554031137,-0.103535704838914,-1.77440051125335,2.70324283071392,-1.86687686458561,-0.631655990020965,-0.0381184308260183,-0.957759526687831,0.835084896139161,-1.4142438711931,-4.25591533818787,0.613828132745062,3.34961856405098,3.82384825788078,1.32181769568956,-2.09643567943949,-0.71415872793089,2.81712948867466,2.7137808306883
0.88553278606696,-1.16413141265896,-0.734922479880635,-5.85301049364617,1.19353695637081,2.10174732424224,0.782343841053125,1.28000466851321,-0.437973901970047,-1.5975885019491,-0.069698392714495,-0.322145953522367,1.13704822964964,-3.35771114538617,-2.43400902232838,-2.40389911074686,-1.40005342358008,-4.25456129143854,-3.3025161279466,-1.43114573290002,0.0780179689186909,0.142063814247425,4.19114275591528,-3.7203960216192,1.97501050075727,3.09590190965769,2.27697712621304,-1.53233295499883,0.367699374877876,3.34193985045011,2.62020123642948,-4.53694857241531,3.63564621727076,-0.131669461888734,-0.63766364134789,-2.88121913227283,2.96929623902986,4.65584826166283,1.73434483053009,3.8276090831182,1.15372547742927,3.69398392060469,2.36198085723042,0.718468091960949,2.3407330076502,-1.5416039074858,1.63510121151522,0.841350175768033,-1.99900409447975,-2.19649082317311,0.397945176524214,-3.39545053322256,3.54147483523743,1.60510019927219,2.26076053300691,-1.58878063611803,-2.28738871398455,-0.0769126682291892,0.681781893158431,-0.930181362970959
0.709948802237307,-1.46963352514583,-0.743567101265956,-5.47737405762292,4.17146177741923,1.17324312241127,-1.87613287096179,0.221610387531166,0.356470624683298,-3.78538410420367,1.2410039455428,0.654242306652505,0.676907147955321,-4.62729934223456,-3.42060625475382,1.21656314230941,-0.7767914317041,-5.29947683473735,-2.82659506245734,-1.28348760037797,-2.84711830322541,-0.296020202456044,5.64834523709809,-2.70772366245452,0.670995889486107,0.292707480743265,5.35193103189335,-3.75036709040846,-2.2562950058732,3.17925900431027,-0.0789917561529456,-3.4690174612658,4.60702495390793,1.47627675631661,-0.353679524305481,-2.21633923037759,2.99782586363185,4.93610719884316,3.31974818033928,3.08608734402867,1.77549734202107,3.49037686672605,1.11375928549246,-1.23709251646785,3.9100638024769,0.133570240641956,3.1737011459584,2.8175785337674,-2.13191749390652,-3.22407170495779,-0.40842590882405,-4.5330819639265,5.07177172023069,-0.24891610025622,0.102118682817241,0.293310170039436,-1.53592063760727,-0.142626262022788,1.30999088733364,-0.551059511872838
1.89066870191478,-2.48623986449334,1.61264775179082,-5.5506433257741,7.03778589753407,6.0764506005258,-3.09215459516584,2.20358569639011,1.20021395093878,-3.08455880902918,1.0012035391114,0.0932560746602484,0.69796007771328,-6.52142709963562,-3.7937703414575,-0.532670697731192,-0.71776596387726,-3.40783712972698,-3.61164223020547,-4.59980018997628,-4.98396212816182,-5.56029592589323,7.87654303151039,-4.33880415745816,-0.796661292045293,1.9415727850352,6.41431274743311,-3.6507271036657,-1.06344735385742,7.45121008226963,-2.5032402846219,-2.80894834430853,5.97241897029936,1.31802006896932,-1.46593800268551,-3.68442598526642,6.54363154406396,5.00177855340983,2.14999907835665,2.87808208700817,2.71594680842612,6.4985116363787,5.21222725223644,-3.35273751208579,4.45966325634513,-1.98988399284236,1.36954213111103,1.99920514227848,-2.02649849275356,-5.14415751247082,-0.11939523869498,-5.50200239637713,5.50698339114797,-3.73483320138918,2.41155332844487,-3.11037078443746,0.15857520582301,-1.78335636288454,-2.21985079717926,-0.356189637256379
-0.380497265639366,0.100911893698869,-2.51428237120837,-2.76158690604086,1.69251446594942,0.302431306394542,-3.47189617850789,2.19244247309236,-1.06308301018161,-2.53804428006308,-1.10036696670347,2.64792338077783,-0.544898712338912,-2.77442786623721,-4.48352232895916,5.05836372967368,0.353925319269075,-1.58334957785454,-1.36485315352007,-3.46853087639468,-2.57309013799096,0.824502143674507,3.21615020111296,0.764050336526337,0.962194091543835,-5.13075308989263,5.65709092170593,-2.66414910011708,-2.41075405532435,1.66240297316818,-2.17156408091187,-0.422483136671903,1.58159907696058,2.95090896787194,2.10689572003066,-2.80398681874207,-0.876823436412969,3.21317905482329,4.03860500302805,1.78607436415748,3.82143828165109,2.47337288470508,-0.960283794102409,0.645841129975499,2.59163537183143,4.48584600625402,2.82379839032446,2.07767539000299,0.107418960398706,-1.4805907552781,-1.13625110651617,-0.0298281482526209,4.78144580201952,-0.100487287730181,-4.20809751073482,1.36053213831486,-0.77547880811523,1.62998004960769,1.43961021321744,-2.48339960574822
-1.26024546506885,-2.59914914476967,-0.760886035104333,-4.60794176302059,4.78776491755977,3.17075958324386,-3.47631397335179,1.23681833888266,-1.03707275567592,-1.20808723350012,0.765362568147334,0.27067706422948,0.98281395357295,-5.65412229938105,-2.21124051061182,-0.0881021622716698,-1.81960254300177,-1.55422784197033,-3.20861037932188,-2.75178605891541,-1.27222630982871,-2.29803259237956,4.61147941689723,-1.52841007076203,2.11383110683607,1.21663687178108,4.2860396849817,-1.72425793369748,4.3322812877805,4.67770188472033,-1.65337504194266,-0.111445802982761,4.44053280731102,0.479960868589938,1.71121850829349,-2.31003040002435,4.81469444659539,1.65200447649494,2.52526314933366,1.16834722867007,1.76874898383833,1.85765026712717,2.95727267045599,0.0397388905812925,3.51475362945359,-1.79339410487273,0.90875613186803,-0.847842702548083,-1.08980261102996,-3.71457872373303,-0.0957409091634536,-2.84651560673223,2.28322148993389,-1.17140427098429,1.41791671760836,-1.98321431371818,-0.26816574705098,-1.29415581438359,1.2288136397976,0.303686031545034
-1.60507131663072,-3.3668068288735,-0.45475187835436,-2.95486096468708,2.47096570098281,1.59236170369421,-2.37736710028786,1.08723834143279,-3.45986811629399,-0.174556684633688,-1.22364552487945,-1.70864750393749,0.585421062252578,-6.86142872714767,-2.55771522788301,-1.41731889512921,-2.52400369483697,-2.62150057257791,-3.38691069114493,-2.9869927095835,-0.186508538899786,-3.17795167032964,6.75519051176023,-2.45624449394719,2.49828949525307,2.55426766083179,4.39926618420237,-0.783437695848303,6.51638086605521,5.04480928834375,0.45762058362166,-1.64534390169537,5.63102738623532,-1.3548117524759,2.11826021712927,-1.22676229277536,5.79959209751383,0.276519751473218,2.05021640969392,1.25487014334182,4.50290570179291,2.71634522222638,4.62183901730291,1.86964735523126,4.90246215072165,-4.11576711508953,1.80877206632536,-2.64629472266902,-0.599631001640854,-4.7106898997174,1.07070150687792,-3.63623822881516,3.25054398096019,-1.89660783090333,3.72209628992481,-2.97996174867729,-1.54306853023443,-2.31154506697556,0.479409103198862,-2.38406375390613
-3.47889728821338,1.47413519410084,-0.823473938500868,4.3069429648266,4.82215235601838,6.00607433290854,-2.44886105988949,5.45427032587242,-1.03461242239081,2.19656970802099,-2.51317264947897,-0.647365124360633,-4.46509217579696,5.12228091925123,-2.47282611365946,4.28808710334811,1.0162197990776,0.112848036694132,-2.13568066031211,-5.32554318171867,-1.54813170284721,-2.15803648880917,0.939963362392607,-0.618692968947042,2.23552255341573,-2.25963798139027,1.3899699615005,-3.79396489031984,-3.2949433389209,-1.51698557704021,-7.8019202682663,-0.064253331238239,-2.0555913220413,1.38929429177191,4.39696732297121,0.167011974070972,-0.995759363256273,0.664158627615309,-0.151942541154965,-2.68220467880477,4.80894367866531,4.51421583111278,4.97713101534963,-1.81305126732244,-3.51599472547922,1.47627729675013,0.793574781417889,1.17202280718893,-1.88292082840958,-2.16313405328712,-0.53582358673068,0.800695488151526,1.11888047455534,-3.95241741320993,-4.15112650488066,-1.05056932404057,-2.04616705325274,-0.802279341664198,-3.11046089665474,-4.06696769688068
-3.06068376171736,1.46111757576338,-3.35610142431843,5.89460955627278,5.91757561936203,4.03178363851286,0.110573550926952,4.33238290355815,0.447961735682572,2.44608194113069,0.527040932258925,-1.61038183956008,-1.65810870433809,5.97855090882866,-0.594870361616097,3.98813654742076,-1.26906571750252,1.4559656980491,-0.011693634555498,-2.54345808798117,-2.11653662359931,0.556871940957334,-0.945335049073639,0.822542838559187,1.39864431026303,0.974106729767591,0.579674055129279,-1.67498539064104,-4.68221417447026,-4.42585986315209,-5.98120537059856,0.445592022434958,-3.13250714771743,0.112844256248837,5.08326964539331,2.31598643516692,-0.730715879751688,-0.958032604001947,-1.09194089638377,-2.9885774055214,3.76680561394734,3.48835563778097,-0.469783159103804,-1.43653728459498,-5.43345257838587,4.97850679478472,-3.13433850764975,-0.851024061008467,-2.68039062293152,1.24382565774897,-3.0625690837771,1.61775975837677,-0.639175854369514,-0.789160573317462,-2.07954888697135,1.95079378140898,-2.03546499163882,0.398245419251577,-1.2009644498725,-1.82527931909554
-1.49242212313773,-1.41097305775556,0.648605410515496,0.448311385861167,5.39351727023388,3.95076556857491,-1.59228869769987,5.61159247609866,-1.07994028749166,-1.99135748399833,2.22400950578432,-1.38150996057556,-2.80471696767141,-0.576069625456338,-4.56199586212744,2.89827674427582,-1.35063970636492,-3.63915028357584,-3.01440407819197,-4.2990081378206,-4.68519453116345,-4.47618805558408,2.09634488322657,0.316782420221051,0.54239016052149,0.971196891601294,4.42960087399329,-0.955731056240272,-3.54413796714092,1.34839680938521,-3.3130299055035,-1.33870337963024,1.53211187509527,-2.04578535728497,2.11425543668229,2.37963469319328,3.54182932938054,-0.154655255072346,-0.344156171779973,0.468517386918716,1.58640531899204,3.87174052808895,3.04427418925623,-1.19841450448851,-0.908421371023648,1.11596100105684,-0.583442157907888,-1.97794945782087,-3.57324444709094,-2.33634520384236,-1.31846705718985,-2.77398589157609,2.8192477224364,-2.41067548640399,0.905522691513,-0.87635795127344,1.23340846879319,-0.826690873834745,-2.57776608728566,-1.87679320165204
0.122730049095486,-0.619460594109584,-2.12980949539075,1.7321950995844,3.66704199160835,-0.222890086898313,-0.619022699670282,3.84612321579694,-1.83380442639125,0.984730885948698,3.44299687288251,-3.18382484673191,2.20532936264314,-0.763194019374548,-1.24114727401165,3.66496318737605,-1.02272649051497,0.417287169116408,1.83205339722746,0.492158009430715,-3.44252083673023,1.1250360736816,3.86809264815174,-0.524754230353382,1.80778620635163,-0.20814347213403,1.90043960676802,0.838982910240889,-1.62744757865154,-1.01072524792939,-0.642351659560193,1.82288770995796,1.71396988600422,-2.65796362962236,1.54394801065654,1.69168678997863,-0.328674459252546,-2.51945952634942,-0.44538213998486,-0.526017860611474,-0.276654734124541,0.532126009012102,1.24332086274743,2.03352984471931,-1.16089252913536,2.64387452386304,-2.92458955623953,-0.0514296423880209,-1.7686781804117,2.25555032735151,-3.30061142217817,-1.1953972275509,-0.739018462784717,0.712596002400763,0.808825665468003,2.36787724441896,0.49877168763923,0.132331854986966,-0.892572643885607,1.05470623868373
-1.60217065554207,2.24900154303942,0.0837310413786363,3.36177144768182,1.95683519423432,1.00623047044684,0.818017531168415,4.90631542528427,-1.74828526605233,3.49231811198858,-1.51207196995783,-3.18153298843236,1.96087067201902,0.0867783902369569,0.226216567388402,2.3501246893676,-2.56975430987454,2.76849425646951,0.51500759537263,0.797076935224883,-0.678625151979415,1.76796031121576,3.77422000752031,-1.74526675976815,2.70488729470813,-2.28785344508903,-0.376401042459982,2.20252924442935,1.32306873391249,-1.95875294630108,-0.456134110601351,3.01766810558959,-0.278968782488651,-2.1366793369001,1.04529390619258,-1.37229880439602,-2.33240652892754,-0.759185497964819,-1.19503591085374,-0.869758037139531,0.0354457279231737,1.20929453527758,2.3261965374415,0.781919026135464,-3.3304228912971,1.92509390845716,-1.41214711722014,-0.402684888847168,-3.97187585735186,2.40266208694448,-2.2090665190005,0.43666142467537,-1.03472233149326,1.57997153343445,1.25549860875786,-0.757351253056735,-1.77707481493005,-0.624264447069056,-2.64602100728251,1.23217791424312
-1.7394889682436,3.28474214873924,1.09977833786096,2.15053115349636,-1.30359677205856,-1.7036870826574,-0.880956172081358,7.65241017733972,-4.35302691069702,3.06130122947814,-4.10650499030483,-2.52341721725823,-0.374080936091738,1.11829757440648,-2.41419035628896,3.85144607384141,0.0969372767848591,1.30009061264846,-1.78423845062719,-0.684218251980185,0.27139600557969,-0.884095975784188,4.06894308331734,-0.338004521716833,2.51918473966181,-8.67013224060377,1.6252051252769,0.156838611741433,-1.54612753514559,-3.57945453377034,-1.66569377048695,1.84390000122996,-1.81050461500046,-0.299915308749057,0.0243801427075613,-3.72489781505763,-6.60111509943252,0.306679673278457,0.356712134053914,-0.216826023104502,1.01152095709194,0.763030969232599,5.45344553748645,2.32392079690561,-2.95052038338153,2.59705972900196,0.304294141056698,3.39278773954033,-3.09254894288047,0.234207270848196,-1.32815407875796,1.78099628383674,2.65210281491882,-1.56175491129557,-1.83280741004948,-3.50221587884856,-1.92662923650614,1.3343093423593,-4.26745093761662,-1.62975301193871
-1.30318563707069,3.20592094959166,1.55988171446713,-3.17805025088473,-1.02165539492521,-2.64426063476087,0.695268245641,4.988254135048,-5.38236316447547,-3.92342090865511,0.172795250827134,-2.16942433978817,3.37167501274828,-0.539625311350176,-4.87561126769408,-2.23376400612033,-3.5040204741178,-7.70395297112966,-3.41780687386564,-0.360483189543063,-0.225928797574512,-1.57854457535609,0.800627303362607,2.63413965888375,-1.16478268299011,0.392988204032679,2.11647517581071,1.36799518032655,3.05941982367979,0.825268982325929,-0.780701019626481,-0.265611741037752,2.48363796805491,-2.00222652309229,0.626994129398198,0.269666934908655,3.83095235855246,1.1300107512628,4.33783984025133,4.95781100537347,1.21594732672393,-0.665377372959397,1.99684472373139,1.91154581987419,0.467454382894305,0.428429437367344,2.97290235523408,-2.01598626909668,-2.05044111972319,1.05895540221337,3.95603682941129,1.36708297548385,4.11717718497842,1.31813241319548,-0.574073657102079,-2.04135702014363,-1.38325503109116,1.16318707594086,-1.81405692346624,-0.9309211632384
-1.16307283447198,4.5461775441175,1.77973617849734,0.221844954804085,-1.2949656821578,-4.73063350519053,-0.788499402961126,6.3467452006818,-4.76193509715887,-0.652586558285192,-2.04142088013564,0.964024078306437,0.89630824295508,1.81238942890296,-4.68586834013018,1.85389148210147,-0.440459518111877,-2.20315097517538,-3.58376220157109,-1.54686705089237,0.84438157480703,-2.46334339794241,1.88720586250264,2.1943089266863,0.545886611496917,-6.2105095859534,1.99802075198269,0.665199254085395,-0.329934575020882,-2.6797110686167,-0.90863933258619,1.5500848617203,-1.23388052424756,1.20889740851154,-0.204900236398959,-2.10432580955285,-2.62338532223684,0.00166360708589663,4.0694054167637,2.28315478379782,1.59784112653766,-2.02644580618224,1.88693441614549,2.01443070028343,-2.3874147114854,3.02859790400816,3.71766580214555,1.39576647846768,-1.26817229106752,0.0704511584543233,1.26878047769671,2.37845520223319,2.84937264456928,-0.0557701544742855,-3.66520787404558,-3.33096031099485,-2.41599710757209,1.03615212140985,-2.70750367074909,-0.957094555566066
-1.87221125222488,2.97324371999016,2.99332737198996,-0.596698209778924,-1.73267342983018,-0.697294020937085,0.523423125780394,4.58986892123832,-4.06712496788734,-3.11289068925126,-1.59976223755289,-0.538717893746255,1.56908564379549,0.774297961143845,-3.28576497045524,-0.89936766844049,-1.35545748248501,-6.24221537097032,-4.67041640996618,-2.17497414358536,3.70725005409528,-4.78220716799631,2.40355393478481,2.1036621154104,-0.0779467153251571,-2.45160708392404,1.61824312224359,-0.64304699610316,2.63754375423555,-0.0858439665512576,-0.893914896399974,-1.02616475642645,-0.257265691032701,-1.47969702608886,-0.331596814420587,-1.96508645228922,2.49243043919685,-0.33382317074873,2.25786166722542,0.853467413679287,-0.368218189978059,0.51935293469604,1.39486541808732,0.961028724259427,-2.49738177628357,0.158771504698868,2.21415111052269,-1.01292698363737,-1.42426234949798,-1.15041895283055,4.48582290054266,1.46118178530701,3.45521237492839,0.0377168416595099,0.787682916200739,-3.89877519310549,-3.05380061861561,0.222516206233527,-4.76964821026167,-1.99860333530951
-2.50293716018912,3.13522864780518,1.72995452449547,-1.44381805843387,-3.55524295936944,-0.618341906455093,-0.550465560691538,6.34747880404411,-5.01008681826731,-5.53035574277306,-5.79105743657155,0.286057365053179,-1.07721166278261,-0.381808685687308,-3.81125980803913,-0.0200750611382481,-0.0838089953564681,-10.3224611851,-8.02249555774478,-5.99146387184513,1.2494127264876,-6.84741532629555,2.77359464062656,2.58605191410336,-0.983349806981532,-4.31710221251304,4.54835443629655,-1.59976519565691,2.2358794705599,1.03147701471787,-0.811589926392305,-3.31447078690335,1.44744430188809,0.193503604443374,-0.630465304067896,-2.55358861883488,1.98403750195647,1.31096502650452,3.89287071502371,4.08378109483486,1.00482752664661,0.619070502426885,4.1115055514427,2.31266356919793,-0.877866094453418,0.388195469653692,4.22517456287374,-2.12971081033691,-1.43408581135214,-4.11314592740559,6.39798850781894,1.57499367824722,7.5405162458369,-1.88325754183133,-1.65468572829945,-5.07268372450521,-2.02332947892566,-0.450737124387097,-6.15431290614782,-3.96147543710917
-0.691435977840318,2.10526811503871,1.31186787752325,-2.36024438785464,-0.233178760700257,-1.57968136417134,0.487061273654178,3.35171552382613,0.701399890139912,-5.6700898125204,0.985589678490734,-0.719635697882034,2.49965911225673,-2.86592605941668,-0.289983093726432,-2.17335945181296,-2.56492971027938,-7.74697552300637,-3.36292650337845,-1.6379583490815,-0.889092879685102,-5.21922039016314,2.01889509426806,0.87428623248358,-1.94781857590596,4.07509571114771,1.6050638394173,-1.55723432558968,4.79235789490777,1.2725536237786,1.82974229047938,-3.52251515681693,3.89467310081268,-2.66333683052729,-0.131474141748203,0.706188344277663,6.39947540443072,-0.673070390421014,1.86128889473118,3.17062505650099,0.109639054841637,-1.6791518534945,1.39030507306771,-2.04321030815628,-0.385051348323093,0.318102664386458,0.457962778300962,-4.93887133205517,-1.0822079089539,-0.796169059139635,4.60083216491668,-2.27610717892829,1.52714886005783,1.25720933893044,0.0626663697076637,-1.83423775243337,-0.480846001612328,-2.82953926232661,-1.87045461722437,1.85269320394933
0.665785902028452,1.7450339940266,0.550488532389982,-1.15665743591637,2.41304332644684,-0.211682529956594,-0.987031035865984,2.5695166510868,1.12111598554704,-5.01391297781692,1.41101234203632,2.01747399890281,0.875438671224832,0.138214363707723,-0.48733759728784,1.23487517530488,-0.55039843149486,-3.54457651510064,-1.81276325409368,-1.87973502625044,-1.06149974855296,-3.01312892422529,1.36400022732128,2.26855870144675,-4.657714800746,3.23773735818179,0.40314869755811,-3.62957667909911,-0.0987862471209612,-0.760725147025556,-3.07170961715615,-3.11100721280098,1.24982520960654,-2.52507002229145,2.00026192859931,1.07705999717025,5.21275375400521,0.0446783225737357,1.19404342914689,1.36169882021582,1.21183224479588,0.0372532462952007,-0.828685473851936,-3.91915570510064,-2.2750589798879,1.70657722120289,-0.771695809637512,-2.61795550655946,-0.430098035330898,-0.556226472487019,4.33159768004715,-1.89216225840473,0.327375770411085,2.38074760258112,-0.975810242872731,-0.170478969516249,-1.55969642288209,-3.1490604727518,-1.75317541543353,3.11869340678154
2.07488426122342,-2.86487857761923,1.98962872528025,-4.56987448366248,2.2982231980201,-0.794737722790901,-0.956237641131412,-0.813622203730904,0.905413534921242,-4.70884532347111,3.21078718978269,0.345727783541662,3.07639223676876,-5.60124665914111,1.69256704481402,-0.171993516392207,-2.29126216958377,-5.40711644634541,-2.17117787734787,-0.391214049717949,-1.9562011896603,-3.50093453816326,4.22827733745407,0.756377980015164,-1.1448677357739,6.36446934242296,2.03192982778267,-3.82058594357246,3.17276336664892,2.12118020683018,2.41778376320475,-3.90891719349103,4.05545026690671,-3.74986777158323,-0.208340090131538,0.916278990383952,8.52526846980326,1.11319535339149,0.6026138755905,2.64935502169257,-0.0148512685597293,-0.254838693528608,-0.408803462319403,-1.80011284609365,2.97514939820022,-3.01450705560104,1.88019015544995,-2.86868655965186,0.66422350009558,-1.92825899020694,4.08792400100258,-6.23360036112831,0.971537149931501,2.21158856384665,0.481538740661705,0.22500768374729,0.610681330600828,-4.17437774931358,1.36486091805123,5.76396211646068
1.33691829074908,0.45564288041226,3.10278701455078,-4.325899965583,0.650317726653269,-1.40856666402776,-0.291916883891772,0.543928684171092,-2.21109800244744,-3.62500739606959,-0.870098588654386,0.214427165109862,2.36626651972099,-4.12909875128487,2.13584797536843,-2.06599325146385,-2.3943733871791,-6.0597349833027,-1.41064898147691,-0.135797700122344,1.37950730720409,-1.21628423123744,2.23482063401594,2.85828288794659,-0.518685538495298,3.56053486856145,1.25104089243943,-3.50308829076606,3.79757490765284,0.880078404321317,2.61664581692424,-3.46359395430963,5.1667361188582,-2.06917410001455,-0.201132563706385,-0.61453542026606,5.15122495122661,0.134568322223416,1.06598287417159,2.78620072987597,0.340239795404964,0.757193199253046,-1.16267629679922,0.0480000263667396,0.979340604692935,-1.91092484297973,2.60541468442129,-3.94089710936828,-0.980159184033015,-0.575539430092738,4.95521442656835,-2.01918559015696,0.57308829127634,2.65270765850576,-0.105827737859731,-1.22322409875884,-0.876191415011643,-2.57304058112798,0.0814614879211918,3.51513595951658
-0.892088542334942,2.52199197435244,4.56912482006689,-2.82755764803942,0.306264284582117,2.93120545834124,3.01153770379527,2.25572875818323,-2.91981030156942,-5.7746294811051,-3.71069255828311,-1.01769052870536,-0.0883388834275727,-1.53189883818565,0.158192348115756,-4.09898507268948,-1.47597242888717,-9.79858449158871,-4.97839860882134,-3.30894649732291,5.5692556684452,-4.30283236919024,-1.07996182580969,2.05644369737922,-0.352168205207638,2.80008949940658,0.852418209882728,-2.284422081328,4.53997537335225,2.41737807823874,0.617383400212248,-6.10643029487994,5.60951638007405,-1.80228408063595,1.05292414021924,-1.14231719009496,7.99782435099421,1.52449299706116,0.903760168163793,4.27062589824547,2.08417437629027,2.945801690769,2.22550441462293,0.475505394208352,-2.77040595228264,-5.04535542268729,2.55438162679794,-4.35687300634,-2.44653575301355,-3.20425218821709,7.61778986020663,1.27105622438073,2.20944230589869,1.81912947134583,0.171151489720223,-5.85276112669311,-0.782547953095875,-0.19898236871474,-3.34479212889426,0.820825741720806
0.423940958454239,0.204185585188278,0.296682111802278,-0.672478277514613,1.59050209790162,-2.30237759775318,-0.366015950724458,-0.40004146918949,2.29467730428672,-0.12049268034202,1.30500316472298,-1.73838431778795,0.811852221767505,-1.64546882021489,1.89673002510067,1.81093166439157,-0.41170678772686,-1.26352258592155,-1.81898706578488,1.70811657147598,0.78986119806008,-1.0145681951329,1.66836944699689,0.961672648514919,0.762935072148033,2.52518211115301,1.80442573402105,-4.29421275527393,0.654154153084396,0.169720139036249,1.69988168617821,-2.16697604050727,2.01574632828925,-1.22907533283892,0.0879981987840465,1.27875223341517,1.65112942856687,-2.72505219281755,0.581043421164669,1.79862701042375,0.694443952397881,0.309417623965022,1.31608953407021,0.236686060988204,0.0401248374447096,-0.657285285724719,0.0668020662233471,-2.5823203600466,1.24221557617856,-1.05990975655089,0.691881795392326,-2.77347785671551,-2.53336242946756,3.35080952467736,-0.908414003232985,-0.593284453161499,-2.10045275800483,-0.876560401235186,1.42556648094136,5.26094320940005
-2.87546712558929,1.02706949814727,-1.18086748733782,1.01359456842168,-2.51066551735789,-3.77131798082137,-0.726018634068057,1.54068834803822,-1.59799718825456,-1.33202783994865,-1.91797462591814,0.256141333942702,-1.25556218298477,-0.85451971922695,-0.383520117266279,2.92855103489016,1.71430536051618,-2.07531530806144,-3.18237717541715,-0.913328698580341,2.02949562902949,-0.472582789744304,2.67558545118133,1.17237359449918,0.370413852983424,-2.33883464543551,3.96255965548714,-4.05386082892364,-1.50780597545523,-0.475055057484701,2.83405183813769,-0.581870763956658,1.02233053387945,1.25685698751665,-1.86504145555809,-0.943737289340995,-3.84628791117215,-2.02930799304569,1.43533113308195,3.08548138748451,2.09990975038947,0.211343664517515,-0.688268516112367,2.12037182384675,1.04308708548851,2.50172739266246,4.00267766727566,0.714898181206558,2.1881904321773,-1.14299830880401,1.645531389909,0.360292389210391,0.0591912675165953,-1.29300575113205,-4.81974271362737,-1.01210111226567,-1.40192655343827,0.426301194420674,-1.33946826426741,-0.55455046141494
-1.30452976348144,0.116544283668854,-3.9094723622306,0.535258354509103,-1.81151125904758,-6.33183236545335,-0.215317255941713,-1.4859116716013,-2.20815389411606,-1.05311963872117,0.113560956444239,1.48991326276144,0.196747313364447,-2.02958969220096,-0.333507503149596,0.997055106280516,-0.0325637299602646,-2.78507957770539,-1.92363690639787,2.18855901103824,1.06459251752857,0.413078069190231,0.77872948194534,1.91002415903928,-0.706968972468185,-2.39505987153659,3.71986185140759,-4.60643337301277,0.619294932256952,-0.474621958104047,5.94431916752858,-0.476124910502487,2.03189076365644,-0.225565063081787,-0.0902595653531861,0.322189841870934,-3.83568310345411,-1.41845376502149,3.27395558934289,3.65071709015417,-0.330992545306394,-0.243353807775105,-4.52472678298198,1.3595005261096,1.6827348838358,2.98250550023991,4.52854172042527,-0.752931524248888,2.03630633102684,-0.364255160207433,2.09544287985282,-0.395226809790557,0.245623177629094,-0.560269696758989,-5.17562761515392,1.34224636902679,-0.245492700406786,1.04519999588785,2.01091292586267,0.0762640981660259
-1.32901693191599,1.56244972198665,-2.33255315981124,5.54839480790891,-0.614895695513527,-4.9993713782042,-2.08224064146275,1.53373905267316,-1.96469946306709,0.471744395629568,-1.61739784265556,3.23307962741494,-1.87557602488492,-0.641815692662891,-0.202161721519021,6.26529990511607,1.93540098427267,-0.331102863435186,-1.8423905350296,-1.13902696338035,-2.77826037407634,0.604632577620436,0.370214556105804,1.65146849226923,-1.93446596259923,-7.9586544027441,5.7525657944041,-5.69398436500451,-4.80311082992893,-1.8985224590065,2.14754375882865,-0.310261960739201,-1.10226920768564,2.34417092702263,-0.366154140057275,0.917611807927838,-7.42397304433919,-1.02357178270984,2.37471607442523,2.50256366135727,0.317788750744864,0.021587405558579,-4.16878206136231,2.54345524474131,1.36574816523147,7.12268988644795,4.03079431062843,1.50580971566707,2.24404759485932,2.30738742251533,0.0911254292228132,-0.308295609987553,2.11517192885763,-2.85362116921465,-9.51007233189881,1.40622940077207,0.428103022320689,1.6312600348489,0.451974211074848,-2.01682834686299
0.368481340896621,-0.483118339250517,-3.30230059887279,3.7136130691701,-1.91891229484651,-9.4548688628559,-4.20851579771552,0.331130474935428,-1.8665767885182,2.69480591270699,-3.31080839536299,1.88178043427724,0.432297338513302,-2.7264538226769,-0.749525756897074,6.30821389835895,2.74630192344664,4.90291967146028,-0.0932567701734773,1.17201160624021,-2.80233856807845,2.23587070397199,3.37292349500409,-0.131773242374323,0.128656885391304,-11.0085265481077,8.47593949966089,-4.79240450120267,-4.46128014496959,-2.34100149376743,3.56401989853845,0.369074261339076,-1.30551239593489,2.62846874178571,-3.13886936831636,-0.105300202449996,-11.1660554986984,-1.37275933191865,3.73044541392471,4.18923171202202,1.78288498008993,-2.63693995854108,-2.81915406616515,4.51446229605316,4.67641807755504,7.44522365151967,4.92721670612286,2.73750944251402,1.97876017844755,1.00987062980778,-2.98461695112632,-2.57140177135758,2.31932878179597,-3.51549254406383,-10.2723585485513,1.90176490760793,1.77600770575241,1.62886910426006,2.5581889973704,-1.77854391419205
0.211592636899789,-0.83485038492775,0.712569643538463,4.7366796087071,-3.20269548831809,-3.50572634404327,-2.03329960588335,2.32199039947728,-0.556401718211935,6.2028987439693,-7.76410814171123,-0.0244000793679566,-0.958740242014444,-2.36911960737922,0.740268249135302,3.11324482903082,3.7270821223807,6.32381590178675,0.559833251095363,-1.86990571555934,-0.828572938418553,-0.0887878984020892,5.84335309141189,-2.61467105746716,0.816676867750915,-8.62933399061802,5.18145522523406,-3.25004719899874,-2.20096960767609,-0.569061055005389,2.39128006535304,-0.438027842983027,-2.07885286832617,1.10459463191309,-1.82896002927205,-1.9815463913487,-6.78173578339276,0.20515610443626,2.42446995417104,2.64933821380181,1.92316981112106,-0.762978159622755,3.24216852869961,3.82780283075229,2.63178949223861,1.25708733642526,4.06227226501807,3.12255322663776,0.0133837902609402,0.114711104327239,-1.12570077418681,-1.28302420314089,1.43350620626977,-3.37725044735612,-6.16828788750795,-2.49099930811957,1.82161399024921,-0.909801511935525,1.09022954410109,-3.31283178925701
2.30293565846091,-2.24483757768793,1.79417738578024,7.01844037425894,0.90087181429288,0.821002290491954,-0.417807620760613,2.16188877255391,3.75725497481606,12.4358827440716,-7.24910267851187,-5.52677861965502,-1.73838044498285,-2.29762347780194,5.54369845269805,2.68418747724919,4.63564448666426,12.384557976619,2.04519820716079,-1.70986340245767,-2.53602102413944,-0.247650095031995,8.8110662265068,-6.32494879363349,4.20116706193493,-3.61229312779648,0.922267947511689,-2.77658540493847,-0.529880458427179,-0.456041792424004,-0.644433145303794,1.71190106301198,-1.56953191879171,-1.7555230673501,-1.85834132441386,-2.8501810245131,-4.59519931818605,-1.34894408388162,-1.52457825003944,-0.419004379134973,1.04843864402992,1.62236098705497,6.48163324768514,1.32700656618243,0.639088288693994,-2.85477274462133,-0.503864515020358,3.22667692703437,0.0438510951559942,0.730335780803743,-3.26895357188535,-5.38829110651987,-4.95124439103774,-3.23906243101079,1.35067907794909,-5.95229926696184,0.651968100656258,-6.33016425024112,1.06243568179704,0.181158988006483
1.73798666389871,-1.41609527699225,3.64704904681627,3.70799193236534,6.46302456363676,4.48642876525365,-0.867801956671201,4.43248715350495,2.97556588004675,3.39924067561217,-4.68881800854482,-1.10135717047108,-2.92415548355007,2.00861306003296,1.71085909892423,2.0572035382839,4.51856766361894,2.74334753779423,-0.833218575862595,-3.61262785160652,-4.13508043154739,-3.61266937772345,4.06440852083623,-4.99432965821661,1.06603640336156,-0.458505542157164,1.38183804180305,-3.74222381022393,-3.62985299959772,3.14530991369416,-5.78759021219385,-3.15922739596964,0.00288754173284317,-1.75788154547235,-1.20378605133861,-0.965950278249594,1.57811951584469,-0.33469504617644,-0.675429051229375,3.33226738888694,-0.213380226085359,3.42526779002773,4.12743499732858,-3.65595997224017,-1.23743804831401,-0.786821203336389,1.23056351084655,2.07677487816306,-0.622662128526721,-0.816879262004705,1.64258987619619,-1.53461924872546,-1.86095609181155,-3.82054886889591,0.0700161485316018,-5.30270865013013,2.31622735833372,-5.80878557361312,-2.02542258363304,-2.76303769296169
2.60785643008235,-3.10693031868329,0.945174648051025,-2.38127850430152,5.02653623917458,1.12640818626372,-1.05047885871031,3.24441120750983,3.41438172726719,-3.59558120036752,0.909859194806994,0.983747468712179,-2.29865137344016,0.485490181340154,0.782152771842838,-0.744490167503364,2.04572962193239,-2.68801397451277,-0.67127049511404,-1.96832010391989,-3.86969487124986,-3.66401416888454,2.052518856286,-2.02484981633224,-2.00747238644234,3.6216295459429,3.99360200850104,-3.0271862202556,-3.36857235451456,5.23837304573213,-2.92796520598501,-4.94939105773335,4.86940801936109,-0.591486529889583,-1.96857088435023,0.0363068632320225,5.57169558907454,0.184639200327934,1.9508474814728,5.84931979665159,-0.625874319701993,1.33802331322039,0.103467458819216,-3.97776067581097,3.18895297767277,0.325557880109308,1.74991180460871,0.333144349611059,0.603778202453853,-0.908060781737665,2.7296912487258,-3.80349815215254,1.79922039853985,-1.75968055127412,-1.13425068170762,-0.253647164641733,4.93061555409096,-5.49944135760354,-0.208409743823891,-2.36705321046264
2.82407998748054,0.523908954739139,-0.407911050801611,0.813098698198762,6.68897134529158,5.93767161071381,3.58104818475664,1.49777332093996,5.43314603009424,-4.61926327019242,4.94798135993016,3.36783464544559,-1.24839376453031,3.42777102393725,-0.338615200958297,-4.16859322331782,-1.06041612186286,-3.5384075534845,0.36997316544596,-0.875519122568622,-1.94024082416726,-3.47837808790561,-2.44771260461479,-0.992619894286033,-3.01726257430239,8.84328811155023,1.15883527391014,-0.808204550119894,0.955284757990873,5.69973398755866,-4.91808237683444,-5.75267015303923,4.16314998373989,-1.71256475594097,0.0360103743822648,5.61792915276612,11.152661616312,1.86563152680337,0.186961517244848,4.6961295119463,-0.647921979546791,-0.409690153661834,-2.82629359006003,-8.02537119270905,-2.54897656429354,-0.835690423460583,-1.55329214444215,-2.43163382596181,-1.59462816624086,-0.58452846819844,4.6343733618791,-0.133092904312892,-1.21520915553088,0.890643698914471,2.91816107431545,-0.552185196470036,4.85346597971574,-4.11504998965699,-0.461374341238967,-0.855305897021648
5.22982941055247,-1.93749466582205,-2.60212320610789,2.09781971618645,2.95251245238606,-1.20834362127158,4.03295038854694,-1.90059232925582,4.9363008308327,0.639761168644496,2.11409475615803,-0.203424123972755,2.07416103983208,0.387768152723426,2.04001816817868,-3.19128597628879,-1.09845688960281,2.22993195147489,4.01953707547308,3.88501409262802,-2.96345218458904,0.883844853620072,1.44795158407717,-2.15098636132794,1.46887504000981,5.38997815408196,-1.12980655555837,2.97239378607012,5.84091586430585,2.65637941729839,0.791596401850285,-1.98336439395791,3.10864617996197,-2.94496989112538,-1.43892237140621,3.35345321680079,5.51824225948175,-0.683531532119284,-1.14445313531474,1.46623692972009,-0.733333371987959,-3.79599425615974,-2.18422079576401,-3.40500709270899,0.953202224093369,-2.32353201013174,-3.64113918904931,-2.5398588139938,-0.468843075594581,2.48133339596744,0.041727719282856,-3.23928580823601,-4.49661040721095,1.84631316081171,4.15364483698041,0.34246121532975,2.14891911269458,-3.87712306370801,2.94455343715166,4.30823879651178
4.10675538981819,-0.512801683034983,-2.92915082604286,2.83627755349681,-0.797823972691105,-3.52687640958674,3.97487948393843,-0.919138976078578,4.7135658276397,4.09938518374589,-0.0198884729002167,1.78574163606283,1.80186960208981,3.10970881260798,1.30639105544187,-0.624182032308284,1.41858691614362,6.01142324109203,3.5501081802121,2.48447886624101,-0.807103865138934,3.55795654961298,0.611165295139436,-0.823462203059344,1.82158530165471,-1.33156755890646,-0.610912293346918,2.62794730571585,2.16702939718403,-2.8913117735094,1.13932239257326,-0.470599187260477,0.132364840788937,-0.574747061142742,-2.65659886491269,1.57534684600215,-0.306487201562982,0.491351734415475,0.238272598536307,-0.134830918032289,-0.363299132120194,-5.47287800452704,-4.24098263190236,1.3854531350319,0.78874461180405,1.35976587379594,-2.6175497493385,1.48735324790161,-0.390707043398902,3.79452382176358,-0.401982077371332,-1.80260789964687,-5.28712221302643,2.35724931918357,1.42748770404065,1.00214235787888,0.925163146157503,0.922669340828046,2.46539483349154,2.57157872258221
2.32968102068081,-1.76367860432732,-0.693530267863852,2.11344709486159,-3.83874091387544,-5.72799417654949,2.96573874003144,-2.13223168297451,-0.140666270788153,4.5873033852412,-4.93585471580201,0.660641065515925,1.5200681185474,-1.6092662201233,1.05666694341728,-0.0074787561466747,1.12706548190617,6.88242732664716,2.02809279781426,2.2803793958964,1.43166142352254,3.70305686031248,3.06673262745474,-1.44817459314807,3.52219067452144,-5.89398505224568,2.46391325585095,3.45699600670653,3.04567377889247,-2.2875025057297,4.74652244355571,1.02357492127955,0.543558501700346,-1.34579702798139,-3.42326669050896,-0.11877158005154,-3.10943643946268,-0.169317921214776,2.21053528905915,0.0328377977033492,1.09964918314825,-4.99525565835274,-1.27221910148047,6.69391503992565,2.71817182904165,1.68592506079915,0.312912737734079,2.40838810912251,-0.269709950831361,1.61405737370569,0.440727430675964,-2.0514428147832,-1.56577556197389,0.705883044631195,-0.686280744857862,-0.291040374936278,0.857623331682934,1.59079552848382,4.81686885172121,0.911913220788206
0.668380225911309,-1.06270014453187,-2.43788940414097,0.126698192628904,-3.56440984354922,-7.52378399933333,0.864778357924204,-2.10441775026384,-1.70422490153597,-0.339974222560229,-1.36480072294945,1.93105112235267,2.84304393539356,-2.69400062759728,-0.380852783455425,0.0927783850216854,-0.341996407304454,-0.402434094394053,1.88302407305055,3.09898856946812,1.37532267968228,3.17864926731444,0.158891826314389,0.935255863869474,0.429381590230671,-3.45744955163452,3.31917557229405,2.98924687582911,0.791748931041317,-2.37748495661039,4.58329067029596,0.063858349886232,0.598502539376526,-0.331371333127637,-2.37988634865242,2.17585029717401,-1.08691487797894,0.10190739545386,3.47597412985262,2.8867925087761,-0.493843670621633,-6.90718139422988,-5.47116867908793,5.29369113862979,4.65008046250555,2.37141636399632,0.352840414855956,0.685754561041048,1.84615946080222,1.94719166908692,1.53727590355018,-2.23985929366915,-0.256329636271947,0.402661626467394,-3.62059447286947,3.348650177809,2.61827477889388,4.55475022451008,4.71336256609043,0.311693748302361
-0.859221722995864,-0.28356662463712,1.35994398789231,2.34803159831217,-4.17754759681724,-3.29023654190111,-1.74760080615996,0.435626502704939,-1.33041714156718,0.713079760300982,-6.9788952015949,-0.456645914967973,0.426349213919844,-1.68461192517612,0.295515634126656,-1.68599149935632,1.44549127027567,0.0863518561318393,-1.34938258978828,-0.15175632866315,3.39455622283315,-0.683962467735024,1.90120823478712,1.13004557673294,1.04771544958499,-4.79734697551926,2.21603315487787,2.12064227082448,1.58243157890347,-1.32599826074754,3.6104911188734,-1.35249757638541,1.04693418690837,-1.18980527558325,-1.17001052011147,-0.944760875708081,-1.56699116519156,-0.595733421398782,2.09101001025185,2.46401608389982,-0.963173576927755,-3.5319001133534,0.746670467946611,7.73063430426852,3.11900491471753,-1.56407595126504,3.17168072445563,2.43899473139769,0.470986953051481,-1.27398628190665,2.43982688073019,-2.00088422286437,1.99032992480433,-2.58507872191011,-1.23567467564389,-1.53633659776108,3.41553928043225,2.72808199123974,1.38472768308765,-2.12981495261443
0.187978410486096,-3.31070670428404,2.86580983529488,0.199990092804883,-1.47278606689035,0.793279409154076,-5.87867144395915,3.69373336216608,-0.641648890874048,0.940275442010245,-5.4647824421088,-0.835484645188572,-1.08935387973418,-2.80479506418864,-2.28187150239298,-0.513521183929549,2.4078983796592,-1.43941208419154,-5.17443191962486,-4.19075334749378,1.82542784998226,-4.99840148059242,5.63760731387601,-0.614661566346816,0.327037377941605,-3.39705838534889,4.95924791910931,-0.831035550758348,1.485914442452,1.90999300805686,1.54894729685199,-1.65187772595756,3.94928057092513,-1.30728998457062,-2.95608954824325,-2.49985517594835,0.0249591610497806,0.656672018149641,2.41218657247761,4.8136336158041,-0.0976590094127612,-1.98670422715477,4.05355706372213,4.80706038396476,6.41374693226892,-3.87487528958724,5.08373713820198,2.07886026270659,-0.848886444094134,-5.23141866357284,3.03152528322338,-4.61047694806056,2.46605933506187,-5.15363056683581,0.379004367251923,-4.44697756897001,5.24284121509825,0.484916194414828,-1.17935743509799,-3.37060850735199
2.51250582952471,-2.22798784691761,4.66325885114381,-1.56403299419114,3.05523184245138,8.03810637473358,0.416733335946436,1.03755133080991,3.67584346534773,0.784417949172481,-0.78528689747033,-2.94191769253881,2.33215867315889,-3.71376472408979,0.790796553570548,-4.54566157445825,-0.362053049003107,-3.47114932819455,-1.15475113277908,-3.2136347541191,3.04943646088091,-4.55255848509452,6.43116091662717,-1.65176952228834,-1.40000036223305,5.07573663879419,0.395113720935417,1.72359734652309,6.72933030840213,5.17389040994157,0.97075568134718,0.29010159319131,4.35979849798302,-3.3653346567064,-1.83849810280133,-0.47637767384566,10.5991816011495,-2.35764998263796,-1.3300122560937,1.40606924270413,-1.88382409253064,-1.43117366493335,3.22290084909812,-1.38103812404942,3.56490289627895,-9.30190433098678,0.31054210853882,-0.66104680615817,-2.5770053991516,-3.02908306741378,3.95013485291353,-5.11112081102878,-1.5970969626293,-1.86650804298773,8.45685587495712,-4.26721581121415,3.39033301939097,-3.18648922840504,-0.711952305332997,-0.498774404851476
2.62382252430359,-3.00380737425365,0.594986174999352,-3.62954518233778,0.689611812734607,2.74671260946012,-0.574403414874045,-2.53091529568353,0.865768744233551,-2.0673447239427,4.61090273277418,-0.476098732222754,2.69989719872871,-3.41189045289983,-0.399725344771774,-4.03623605039182,-1.92562163608024,-7.24867068230988,1.8023210067631,1.21986990728047,1.63683787818214,-3.13042173178929,1.66530808590501,2.14833898493114,-2.89360321176204,7.08026530543635,0.873792525594439,-0.124698147636393,4.89775723351645,3.65114452356253,2.99611247218899,-2.17650586356202,4.28674559400069,-3.31070140019295,-0.682871520433603,1.88446241988336,9.71501711902905,-1.81070108268811,1.20391113719897,2.29592836093559,-1.91723905493641,-4.23181610094164,-1.92893648141295,-1.79293636591473,4.59562443324715,-5.58811934135503,0.444953471992736,-3.83662483838156,-1.41617241929427,-2.19004791670686,3.86170119957471,-3.46211579183513,-0.652148296293529,0.29026599498863,5.27605205785482,0.344155256127611,3.52631616903584,0.374962671563455,2.12926816345348,0.912845699854222
2.06774752286008,-3.21980222137498,0.594639372380674,2.04837179727822,2.33773043432975,2.62906937429472,-2.00297890328073,-1.98101867467027,2.20105175828273,2.89136111264365,3.64532046111745,-1.45847353195376,2.29475127606541,0.813960927808674,0.327554252908893,0.506898686277818,0.864537068665756,2.35674800794047,5.19834264431319,0.847583247107154,-1.65923065055632,-1.51699243561391,2.51718799237647,-0.0398578397157858,-0.180638193104147,4.23867861830166,0.155157988533898,-2.71139817080665,-0.756075801462978,-0.60097916879755,-0.956841546267383,2.69298882123667,2.25389443146937,-1.90738195360875,-0.378353008546917,0.107927028069829,3.96744702864026,-3.75141684526307,0.728638319477731,-1.61232786121832,-0.842020866733679,-3.85060707929246,-1.76992835060762,-2.35560362168062,3.25622625233094,-3.73446785910386,-1.68183555474824,0.80739170740752,0.426466486036547,0.0789040977090858,-1.19659426425828,-5.65948266438893,-3.58751034911266,-0.309432950954627,2.74132680277773,3.01980642126667,2.41792689745114,-0.713178815777588,3.63896656091773,2.44476106547874
1.29087686754835,-1.68866092993835,-1.39443128686747,1.46113693664346,-2.00199232326622,-2.89565978072029,-0.196319203139501,-2.11851849173746,-3.23787788458988,2.02423391143457,-2.33482120478325,-0.714098084658367,4.1527865719418,0.343540827260399,0.574781697952278,-1.61661143785338,0.651436827721482,1.65595429646086,5.12715984308373,2.54479126049997,3.7416663263651,1.78195182824945,0.75359168692721,0.257781466563473,0.228035133937545,0.635472027840348,-0.98669358456076,2.29874930264446,2.02569274183595,-2.40162639607548,2.44987447883771,3.30486408721579,1.02578842109,0.126635894118509,-1.19083968373717,-1.06122936156392,-1.25291453543517,-3.81117210784934,1.85224320763012,-0.559712620942988,0.847112931221605,-4.26867655933507,-4.01436578296822,1.51005321661071,2.45023995933389,-2.72273217482776,-0.0643534440613824,0.209422402558207,-1.04417549978774,1.21227942570469,2.22874665786522,-2.87511990212422,-2.71140609463393,1.45899331756395,0.736179839383437,1.52478921877522,0.984371735723744,3.27657110897722,4.89135134708489,0.53891598857344
2.47738357044282,0.485362735182544,-2.08297356868433,-0.580841443829779,-4.88403137874717,-7.06487371980316,2.73352282580483,-3.39548381666005,-5.36327408460484,0.912751691210894,-1.48076071535636,-1.37048858692403,5.60117833804505,-1.1406459947975,3.38567572875887,-2.71372717671998,-0.658931276560369,-1.06747927573399,5.6378098092457,4.25499510818398,4.89569000822478,6.33681210306589,0.15683059068313,0.19598042571138,-0.168887896175096,0.823076706356758,-0.568440354029158,5.77559963315534,4.79651950896667,-3.45726400444607,6.65569381671436,4.56170378468566,0.0871124767908673,-0.541173353977372,-0.664393643893266,-1.42672349437756,-3.12680391249531,-4.27250590996957,2.33203684199687,-0.174562507225213,0.902470700668827,-6.07942588939334,-7.98069626939662,4.48979232692658,2.83328690383826,-1.55944187595551,-0.289444109934061,-1.08278017263558,-0.405270964996055,3.15505611684911,2.01957705883095,2.69237432678023,-1.99424986009543,1.13164929386162,1.09963202285942,1.46819905364016,-0.287074958564441,6.13878431937339,7.34889288620171,0.83204019647562
0.453638994713352,1.77482947465185,-2.42754322286256,3.17372687949102,-1.0398689786312,-1.65490236303996,2.21389049237343,0.174435830176071,-0.274035642975298,5.4290941477427,-0.954429216472233,-0.791159737697404,2.14257805127282,1.79060004593268,3.14671987330255,-1.23377634344536,0.316798016078532,3.61261158232771,5.30659127380309,2.9038399845125,1.51761110603022,5.16325972198126,2.14217821597846,-0.991463052029902,-1.15838756458883,0.419021056145851,-0.93493459438152,1.94790733700683,1.61188471178132,-3.07730194146884,-0.483650266616406,7.42562371127185,-1.02317219179828,-0.204172864058082,-0.195872000282163,-1.9824455476619,-2.48400167110722,-3.40443052743163,0.476751972592007,-2.33773452804896,0.155779493154489,-2.40599709299313,-5.92707952151688,-0.900343039089011,0.155386325223498,0.0949874036970024,-2.1515564507694,0.1554124408437,0.0334818776814653,2.44542924481858,-1.29672569450026,-0.0469850429025219,-2.85290691243008,0.882950850169712,0.84522299424976,2.65120150514008,-0.190269694657707,4.16497428514306,4.72237539022559,1.58184587407801
0.979737868643451,3.17338907098351,-3.04019772747932,3.32004370432679,-2.18454106814532,-3.09319029845005,2.98327977458438,-1.61300319825206,-2.67323579843211,5.41910360004994,-3.61011173972066,0.114175639465955,3.47397050148897,0.722638432966107,4.25848047734926,-2.52315397471924,-0.814185556836009,2.68125469273621,4.83854479711222,5.11325489169416,4.54203426233122,6.29966829896145,1.24257144302296,-0.701480178708112,1.22897976874382,-0.391121955599711,-0.57321671638916,3.6655044861483,1.630625556396,-4.07732106717602,5.62313342237662,7.45430045430415,-0.0140268977684865,-0.65652162162591,-0.647989520673833,-3.87149395442196,-3.47381328531937,-3.61680237010296,-0.397025554365493,-1.67107206921538,0.395942426975367,-3.49571796152095,-5.72078371907573,1.32306524746964,-0.971198959676721,-0.482934825338359,-1.29607359751185,-0.195526784897237,-0.356692921325182,2.44794322055567,-0.206710527010274,2.48206718536238,-0.700357770357374,1.26046442959855,-0.960618156801541,1.67143205714823,-0.861992302891875,5.11316521854049,5.65672427060505,1.99100261471247
2.34985644658817,1.02089513174742,-2.18886926246897,-1.97805383643901,-3.08092981390379,-2.02867782900339,2.87189707976821,-0.551009866782838,-3.77487084602476,-0.496644478413733,-1.19765730838595,2.1068489236592,1.91758507314634,-0.972892180861267,1.58274325909488,-7.10084437450988,-2.7785933762422,-4.60299988457039,3.4247177158117,2.16395179102345,4.42144514910827,2.37886990122377,0.338231516050955,0.543822425258145,-0.630972590388937,3.5654373811742,1.15205166788988,3.32195723977649,3.62997284826865,1.21828011908022,3.43952121377038,2.02546533123226,3.28926382476367,-1.83353461234001,0.0407431066951304,-2.19869098986354,2.65277072532643,-2.47780681827423,-0.156546011473684,2.91430733078509,1.9666959755309,-4.0859716505738,-4.95188584286531,-0.446529314906675,0.975951729553586,-4.16562222659283,2.48546122359059,-1.92604558027138,0.00817348995442568,-0.0774641022788719,3.84087114337023,3.53916442140333,3.4141417211267,1.80058001263,1.82541703046198,0.528343760527249,0.434956874597886,4.04247569430524,4.3700688841815,0.414852797872997
0.718908977718391,0.559638063237951,-1.9801625623785,1.12124627620267,-2.61822616868968,-2.70239035671128,-1.1796757189548,3.13008024514681,-2.18848712871116,-1.08005306367889,1.48389378280317,3.63637041813996,-2.78138587183308,4.19410519833241,-3.30471661323914,0.62712449315103,1.93105204111759,-4.25887504748542,2.14399436008733,-0.0207826036081135,-2.3578256320637,-0.670010817058179,-1.85886238736733,2.96337768762472,-3.08029274062136,-2.37297038795772,5.81383653433445,-2.8539291106519,-5.60324399496915,-2.32013148336237,-2.03841161477419,0.932152715178174,2.2869537605332,1.19243169402886,-0.159698420690532,-1.79420935790012,-2.57855810680805,-0.531344166420035,1.66513231174841,3.74096307232465,2.56089449261613,-3.91743226160843,-4.1278328820698,-1.75173952218942,1.84204029237963,0.562696990573195,3.30906583769113,0.111411568129172,2.84666429135479,-0.960581404358703,0.0445447618946942,2.89262299653096,5.86480470460576,-0.157993161071327,-6.49041892001091,4.65732611790264,2.36200804360263,4.51903485260983,3.333352047803,-1.24845243698317
1.98168879239025,-0.75369848070744,-0.799782676171278,4.5260336510029,-4.95470048401534,-3.61755076422229,-0.584089126321518,2.29872411668481,0.443594494406648,4.68806378073086,-2.79028239072919,1.37002446811555,-0.34335205533947,4.25129475955654,0.121958863409965,2.15506729530945,2.41788572656127,4.27443447644607,3.88040187751545,-0.449686504493425,-2.49084519973404,0.69082842693162,0.832451824707525,0.622706067662655,-0.284984113527767,-5.00409520230284,4.00962396672519,-3.57265241017039,-4.90914440894014,-5.21095157426016,-1.49757429022092,3.73997929206313,-3.06945925114775,0.66420336355813,-0.178343077890677,-1.3964369310336,-7.68308371888777,-1.08260639968714,-0.733554176273154,-1.17321803055203,4.40295876596426,-3.557813373263,-1.95859365518802,0.544645520401589,-0.0823211782475038,1.61369088737113,-0.151287316698566,2.56953291552833,0.742862727585699,0.997381824568371,-4.01169931456072,1.23430131990552,3.43805116322849,-0.407354603856263,-5.27512958242887,3.53645364449885,1.67772032816225,5.40108234762314,2.25891705596181,0.259696529871658
