"V1","V2","V3","V4","V5","V6","V7","V8","V9","V10","V11","V12","V13","V14","V15","V16","V17","V18","V19","V20","V21","V22","V23","V24","V25","V26","V27","V28","V29","V30","V31","V32","V33","V34","V35","V36","V37","V38","V39","V40","V41","V42","V43","V44","V45","V46","V47","V48","V49","V50","V51","V52","V53","V54","V55","V56","V57","V58","V59","V60"
0.621323283596748,3.66360695834732,3.12893381920469,0.272992782501465,-0.997899132134316,-1.41165259949967,-2.02763895072475,-1.7673626243831,-3.71806944879949,-0.629061540766581,0.0846424593815752,4.18351130203669,-0.183129561455839,1.52210072742382,0.571074185477918,-0.182505572152191,0.702953448515409,2.39629413211757,5.360984793026,-0.767141050600407,2.87286118218358,-1.74433647722765,2.31290605986199,0.215075597357972,-0.582752517902854,-1.07767132266942,-0.84918419182717,-1.6199531295536,0.973044618488814,0.47001577499869,4.73406900456341,0.63450546779951,-3.06367496401136,-1.7374578194277,-2.08448078531561,0.558385034206357,-3.24048962443722,1.80792765819117,0.921829297617457,0.481527301531945,1.85417948636671,-1.02594258702615,1.11944235010177,-1.88972178364822,-0.388465935328945,-2.33354389220195,-1.09754625610501,-1.25143644682455,-0.24591459644793,3.06250919238255,-0.631050149115752,2.26812874571744,-0.215962485355783,-1.20214006156487,-1.0763703681691,-4.36037532719279,-2.08094165115982,-2.59417030046687,1.90911279451727,1.69618977168602
2.40379099342794,-2.13734393530814,-1.59950207369065,1.61365324307264,-0.562659598569115,-0.768793260928842,-0.215345671043282,-0.603411180085799,0.255532495883858,0.301273197833011,-2.32940018533956,0.602910069035582,-0.331542587754125,-0.176384109684268,-0.89335379883612,0.362154474238144,-0.0369464708772764,0.718703464353434,-0.137230285345158,-0.125666401900786,1.17827055557536,1.76365603114961,0.376728863036564,2.33051598837623,2.94050548157017,-0.817646644303749,-2.26895726542443,-2.92316653317562,-2.0065884850843,1.044093022601,1.30790291553982,1.07700788537075,-0.999336122891575,1.32688567333759,-0.708169735107773,0.790522691650087,1.07622502174585,0.945392326063277,-1.08855799146349,0.52203699090835,-0.495856425733639,-1.85236594878618,0.650940782784613,0.899996535476978,1.33347579280816,0.886184327788935,-1.81450753326819,0.870382297101678,2.70106574085083,0.10849377165123,-2.17901360814976,-0.935624747747345,1.66859752169427,-0.050513953107957,2.5319785385121,-1.6263742542904,1.02705207589185,1.30215977957125,0.572007809427252,-0.55487546938379
-1.68152179648537,2.19238380342798,0.46732966855747,0.613969856119548,0.477501433880446,0.282166308834218,0.492772342747501,-0.326552706150378,-0.748849084886287,0.457789049489987,-2.21953492567298,0.366418775413535,2.22728845208706,-1.22590031347921,-0.61091185958173,-0.857808037343061,-2.90871936016574,-4.30850095448702,4.78326813566072,-1.26238606785009,-1.72339448826741,-2.79865508977074,-1.38739053725046,-0.245949510521042,1.8149105610527,-0.745802624773682,0.826241743217741,3.44450975752469,0.312812598900957,-0.160406467605681,2.15372539467956,0.945980245237048,1.62619147567456,-0.57866190302438,0.000407854413303155,1.34174121815443,-1.62046424298855,1.09941926529013,-1.76078667108854,-0.797524002758463,-1.35628829687252,0.624444388445829,0.0450831675464596,0.280861175770334,-0.707379168129283,2.62091377699911,1.20654378920495,2.5609791629665,-0.176596070496243,2.84020239739859,-0.748004024096849,-0.661587284671088,1.46117449955123,1.03501490457124,0.0400106081485393,0.277575586613026,0.864770956808721,-1.33928124628592,3.28433653275505,-0.846592757430317
2.34726469463374,2.29469421828833,-6.04085205457356,0.857418143232731,-0.257112718610108,-1.41479972567825,2.80452161576057,2.59355819801021,6.37334670859898,-2.90593613018202,-0.193870352034738,-0.939370347813333,1.42798588215315,-6.94290738919219,-5.05298903257915,4.36109199249785,-1.76462731294485,-7.48702150929306,3.83355225786945,0.176901306142731,1.44480049747103,-2.65978214470447,-3.29776254991965,2.94118179717102,3.01157547322829,1.0477241875748,4.95032822895784,2.58974723276695,-2.22470793283208,4.12821366874198,1.10046180530231,2.91977312711248,3.4914506212656,4.80975182227341,4.40026352588281,-1.29506904389994,3.13805937943578,-4.7778233291771,-4.87650650365764,-0.698548032693053,-5.39942697940181,2.10525992799521,2.35481587471184,4.81844283523715,-0.8421726973923,2.58909973523226,-1.09621410014716,4.37268510645515,2.51963141515064,7.55199572429758,-1.55207640806019,-8.4926086363892,-1.06974957120711,3.25786140185661,2.95404096934407,1.48310601589436,0.541738972279032,-2.09816437778704,-0.820043343535484,-3.04636024075207
1.98109926930336,-1.79536453138292,-1.62447203764183,-0.107892888471152,-0.840538721417241,-1.14945648731273,-5.18854198722677,-0.744729097622886,0.0866991042486816,-1.45960706717264,1.6409250076151,-2.67909655496978,0.800188618388211,1.77969587292598,-0.554452103660631,1.3777598405008,1.33701829499664,4.26710492274975,-0.559013465316635,2.40350623107848,1.60639550264195,1.48376978378306,-1.63890153780698,-1.82857273082227,-0.934854160813296,-1.07399169505646,-0.388494542283551,-3.54797492935799,1.75947187702205,1.63005853680135,-1.73236591663025,-1.19102709320315,3.7299062192955,1.26520562844247,0.580910113901705,2.21094832749369,2.38322725454925,-0.531430421781808,2.59798198649808,0.784823258956591,3.78952747522244,0.0969533028827052,-1.51182541998777,-4.11496951686232,0.368520562122516,-3.60891680576505,-0.753777597523921,-1.33266273086336,0.0773920081589183,0.236347081518152,-1.62868711964574,1.68395073051811,-0.273153237050828,-1.51042907119509,-2.46743449787022,-1.95593388574717,-3.24285755805185,1.36485793133803,-3.65896059758153,2.71159864544675
3.65942130293796,-0.478085652210448,-2.20937374459781,3.022830843134,-0.934667044395658,-1.77146847159797,-1.21863429831575,-1.45151814463195,0.82426192013117,-0.986410003081086,-0.864975765075617,2.88486570906259,-0.449194619986586,1.30643746679183,-1.55802130965558,4.03805329195884,0.939795468062894,0.517821389806172,4.82737887821232,-1.44618982234066,3.68905699933899,0.939165766850495,0.655360702469459,4.40819137882953,3.33707970007145,-0.995119686536922,-3.53631739718977,-4.72780231521251,-2.09118807218901,1.93750600164206,4.59911885436243,1.69139379109098,-3.93021260068297,1.18962904225464,-1.45125684974819,0.839320846123585,1.10501165588645,0.929187558296413,-1.82857615973592,1.21346155842205,1.81482063791486,-3.40757681781525,0.861365982071711,1.73882796513986,1.2400217263427,-2.0285055061506,-2.1350931038669,1.12237739860829,3.26230760351067,2.56350575748724,-3.09092023346459,-3.12440493085312,-0.74130691478373,-0.283560215786518,3.702980924104,-1.88630649292584,-3.13165623494743,0.498379557262306,1.83866412348148,0.872890724515191
-1.13471199674946,1.06298358258304,1.27788527238315,0.271706615092506,-1.27077696392289,3.33189564782891,6.79510433218194,-3.65585471573047,2.63775929693814,0.878968612174541,0.151604061677975,2.59431126936694,-0.914847474037682,1.99714617955703,0.812223487548534,0.93421693893077,-2.21659587664139,-6.19162912159883,-2.19856025567239,-4.64181166500773,-0.986403489857766,-3.52691540338022,0.0605272070333536,-1.37497945989354,0.795642935781607,1.94540711028592,0.652887947459292,3.68591765852501,-2.01115775805303,0.18638062932815,3.43998511107655,2.34084262028333,-4.64752087991189,1.76340283305094,2.21232079832973,-5.46297523002045,-0.0524479185907685,-4.30193415935984,2.0778469322649,0.199939061290743,-3.71870243124795,0.0610706118731331,-0.541711683742616,4.14818063756062,-2.21753084352496,4.37781568341166,4.06891149718976,1.94443995918934,0.284106261898459,-0.510619912114489,4.70963982933119,-2.61000955871786,-1.03333547773623,1.77389561283249,7.17891056247262,5.54439936002853,0.609412033310332,2.2964925064342,2.63827746714096,-2.91196430731305
-0.867809781561456,4.45615597790684,-2.97744343102454,1.96165689319065,1.60625396144388,-2.59426296189184,-3.17613523812049,-0.565745966079691,-1.24804825056126,-1.09294018930401,-2.3159417543462,1.00954416975748,4.87172162259737,-2.21910991128707,-0.333908374514854,-1.52071097457757,-1.56568720424702,-3.32357995537827,9.15645509826033,-0.126485526432413,0.947275151038973,-6.0874068884725,-1.35866411129564,3.27330586841808,3.0633251494042,-0.908018417989908,0.440049016716842,1.42482425910879,3.38050715264325,0.10410246444602,2.04177302879206,-0.792540270022227,3.16619317738797,-1.87656828021084,-1.57669519578194,5.16989481858296,-2.73738273438913,4.019338232265,-4.66917924653118,0.748912531844976,0.247578523908754,1.54083890051255,-0.31894687348723,-2.29373677692451,-1.56248233435689,0.264143809701234,1.80744138761961,1.58455582188457,-0.930984465806194,3.14286048898314,-3.74158418691426,-0.127274572884701,0.999469638305956,0.577907301928258,-4.97561745964186,-2.53097955837945,0.351167886512959,-2.26986109890603,2.06466708735613,3.66088156915132
1.23881776492164,-3.58006124251806,-1.24939964505192,0.776465453059085,0.0191066917474207,0.187678479868207,-1.28612555555971,-2.11749189544704,0.227558150139957,-0.129231331158196,0.548257254875488,-0.420469724462088,-1.02231986576502,2.90944519548138,1.86804887871441,1.15281889534553,1.22871429707399,2.30315105698553,-4.84256432020769,1.19435434548676,1.41844004856263,2.65422615218371,-0.233224301307417,0.900667285568059,0.898816013205868,-1.02330267547783,-3.08145870447803,-4.21206892846768,0.371532825125746,0.187716246661653,-2.71288279119804,-2.35886335883848,0.496253449625721,1.66269093260246,0.498065235117832,0.180944172828845,1.91798080842569,-0.126300308008127,2.48954278171628,2.85700930394284,2.64524972263575,-1.09713617706347,-1.22623497046759,-1.05014329268474,0.394877573800774,-1.5434156378038,-1.26696317588302,-2.67673996934711,1.36884790313672,-2.97733589028902,-1.06632590270951,1.85952658194171,-0.0287120821936837,-0.458166776323141,0.736636198917682,-0.941527453380915,-2.298831114102,4.44118764594539,-2.86771184999995,1.30499058025546
1.75251171001329,0.320717395012157,-2.47728786879526,2.5756730703667,0.0534886862624889,-1.8491545354457,-0.949065647109214,-1.59401205697028,-1.10644571225271,-1.73895555241046,-0.75290688988901,2.08522611578906,0.0993801413292968,0.4608471103888,0.0508105987653721,2.16600364024434,0.642363196014265,1.52486194537104,2.36148516382169,0.81575861956893,3.14665811847882,-0.00151391236375331,1.83917088706783,3.89077444035789,1.07558354420373,-1.43804873008009,-3.31821166691103,-3.49738497055476,0.0627986742416107,1.9628578083706,1.3058915312852,0.0611350279085865,-0.948340508704382,0.932506372834975,-0.785719311171401,1.42493494307116,0.220811530969535,0.611713820182812,-0.768127658795637,2.23166382545119,1.88260340876397,-1.12619044618102,0.829903385026328,-0.247264144558102,0.398834382400636,-2.46321910089876,-0.92960456184443,-1.00843978227056,2.3834584104192,0.897017607381649,-2.62127624302329,-0.72040530774712,-0.92047051118236,-0.801490414025154,-0.102296754804713,-3.78741079017595,-2.99462326904249,0.784917014809382,0.0393345381448452,1.13020044628895
0.0173263222657304,1.90755862265228,-1.3332324102392,1.55993880185955,-0.416682002974729,-0.483670873637458,3.72648340754181,-1.36645120953523,1.12998143838049,-0.755174106524212,-0.485172271083506,1.21634216428799,0.251886662296084,-2.14510973596282,-1.11442327461913,2.83075103818093,-1.9941834510206,-3.45560526746791,-0.033773714216918,-1.06262827517617,0.611883990451492,-2.70159920984094,0.105351329373927,1.71191738365966,0.130921653300475,1.29785863503254,-0.19024561122001,0.609319168634087,-0.96738168431417,1.6607027228421,1.0816749046589,1.87159568186903,-0.461894746060972,2.25853982227363,1.94364638574306,-1.66254839487879,0.228318219194051,-2.96670568481455,-0.0124297170667942,0.476001895835494,-2.13998850341405,1.15621877080433,2.12511015717592,3.55073226573083,-2.83810385909556,0.919997955755807,0.403291010573609,1.22141950661805,1.3673099229562,1.97669876296057,0.614252594645388,-4.12420438828104,-1.96109113707095,1.89088709404721,2.97471920829117,1.38621783637694,-1.19412210755324,0.308893105089401,0.269953402787083,-1.6109756537535
-1.6409248694448,-1.61380522953168,0.537874523397288,1.24924174525871,0.234125028171725,-0.716575717989841,-0.857540345535955,-1.87936190003585,-1.43071716687385,0.409629962859456,-1.43749137916782,-0.943355487024604,1.55912749256262,2.48416394989985,2.15760634092384,-0.738276721631509,-1.947854546322,0.169749027604189,-1.01412325357827,0.0638123274396822,0.310629153141687,-1.77625784155511,0.569033281092325,1.58166219067369,0.236652175535392,-0.259595319578157,-3.22459211096345,0.011140888470377,-0.440273210142902,-0.382682871771465,-1.0121781560688,-0.732818186463169,0.713216464671506,0.0284366822425948,-0.801171373624918,2.71246095931965,-0.0380403495957697,1.55310360866961,-0.0924867024341137,-0.499638296333432,0.705424877727913,-0.142687883540439,-0.13625613738017,-0.253854958741646,-1.27959379980586,1.03780783348093,1.83434722460723,1.34847320720104,0.46823611473443,-2.39837285447869,0.472886270318213,0.956699926983273,0.522772186635359,-0.440268620581415,0.421449006360289,0.219534893864403,0.339914364084242,2.39106472964054,1.33271866258699,-0.546916657547769
1.6858277379729,3.78346026887204,-0.365550974072864,0.880479111314287,-1.49167722735704,-2.08877518361283,1.68712689908867,0.858456412794522,1.6327619763291,-1.26047324698137,1.82314517049338,1.08540415414816,0.399582494858412,-2.11498920704472,-2.0560702252499,4.31880223659556,-0.78186661056682,-0.216113256248013,0.226923191291358,1.12352499867104,3.18369601102171,-3.75280907765879,0.209557077423745,0.66305668508028,-2.56404176457316,0.662977073389808,4.14828416169635,-0.00401565442922824,-0.589493024915668,3.23413298003461,2.43624123143968,2.16787269393209,1.83767388996924,3.04325098198985,3.20037362574556,-1.77362045216554,1.5335992333932,-2.40919967972518,0.921128805218303,-0.531365852657047,0.849477964515724,0.547278365516995,1.68509102814877,0.428998515395219,-3.92887783897398,-1.60670533768516,-0.584867667186012,0.168870074131483,0.181303272455516,5.08124740551518,1.5511930011425,-5.03763423460713,-3.80051762663559,0.0280819961056717,0.558380390085789,1.62375124841957,-3.7806928573612,-1.83887034407736,-3.71348883989244,-1.73464392040533
-0.881677648005465,-3.83670981077827,5.21688807251737,1.28970150481335,-0.612304103677462,0.113818198041648,0.946501875086059,-2.5612940689786,-3.27280171436058,1.91786266586153,0.0171907290784029,1.24317215709585,-0.97017624232869,4.64479303171094,2.77588591082435,-0.846445004665025,-1.15900082484435,2.89316536686221,-3.32097004894366,-0.66768629912868,0.27898733346041,0.155779690196674,2.96178100853077,-0.175367670635949,-1.05724066896379,-0.491869514601795,-3.96072251620631,-0.838949729635312,-1.85530149291911,-0.60609733490306,1.73898387240784,0.243869349253612,-3.42224910309122,-0.646976438980903,-2.22571670192999,0.232662887771825,-1.68677701051418,1.97498737680607,3.66053206757149,-0.80560501430436,3.61876000180346,-1.61252172172064,-1.39757688460499,-0.362529262898055,-0.752591467302691,-0.0183995483439026,1.98004097227523,-1.11503319274966,0.0980369744423463,-3.56228225903692,2.3108392853071,2.58053182434166,-0.277304521353748,-1.78899552246899,2.25164053860378,0.687070510176282,-0.641673105424962,2.33474883025699,2.69763114818821,0.1768180976044
-2.09359978553525,-1.00750218844792,1.13404169745592,0.96676708855805,-0.456858906237238,0.239288058383826,4.68239669073509,-0.512837087559172,-0.23671633664652,1.84682035246925,-2.38946884459463,1.16971471855994,2.17337514367955,-2.26828021667278,-0.589993772985899,-0.837029117914259,-2.77307394814934,-3.70466100566799,1.04654901533379,-2.82468710463376,-1.78800830884051,-2.71326243770465,0.278158003098216,1.68532801013574,1.49356333864271,1.94647588965077,-1.02543379966914,4.4189852799124,-3.22541078571694,0.0470905692641164,2.26889087088182,1.37229246399108,-1.83750460690479,0.466657422076601,-0.48036151607486,0.278583955885097,-0.805805072199747,-0.55714929175924,-1.46889194467982,-2.60358183339898,-2.77914189210884,0.182029298075668,-1.62204204789467,3.48486352995985,-1.18634902119616,4.65029610148352,2.59996795350402,3.01820009725122,2.95266930829706,0.4559996906876,1.6227812005483,-2.51188540225764,0.0270461457351623,1.32121364234815,2.92930742801609,2.43936515713474,2.52952240666269,-0.233113475898157,5.78240900125013,-2.2243042868078
-1.55148098868553,-2.64263075555712,4.26714460786561,-0.84508448213734,-1.25821823113724,0.653678438873535,1.75411126833292,-1.15362468255,-1.12184843975743,1.77488884465124,-0.245830258897503,-1.07039279354918,0.871567125563224,0.826327394785174,1.108393334457,-0.860473174607486,-1.21992672399609,1.62464340688249,-4.96489493932905,-1.04990946373141,-2.03685354694248,-0.0784403638636702,-0.345280116090116,-1.86706151305428,-1.8490229943164,0.654395418955296,0.271817344296462,2.69678033827324,-1.18934665891035,0.293619782541559,-1.06155246935519,-0.156241005782908,0.158536843178096,0.262905944640064,0.468824441217885,-1.40298034743671,0.554237002574223,-2.05347652310395,5.00952723900827,-1.16537640348584,0.942808355040611,0.39452305616625,-1.8365276794462,-0.592960016870597,-2.13296854503583,0.989972618676241,1.83840086112157,-0.0702843089673174,1.11038613798435,-2.73887150155693,3.7481159503983,0.881569685636142,-1.47976552223187,-0.577712578175896,0.0671154330199998,3.22023770526792,0.162992774536839,1.8218502540915,0.512994119527116,-0.270801334031341
1.04216118834957,-1.67063268320874,3.82262054710912,0.900372544220962,-0.572848141069561,-0.927963739756758,1.34949747154008,-2.41516843397621,-1.29109723279696,1.05985149016374,0.219655556664712,1.84892484589424,-0.708844585686636,0.527632424550279,0.129781457049648,0.946849361832243,-0.727365409685404,3.57324083778734,-2.07792712471121,-1.70599667862199,0.965365976389133,0.838599959498525,1.9551756786564,1.21018907721374,-0.0865810647844422,-0.433858379772427,-2.60473295994879,-2.51027488905593,-2.13226983408668,0.609254958868103,2.53674305068571,0.915476171202319,-3.24825419919012,-0.583183562258032,-0.159628639011385,-1.18556741729267,0.230944960645843,-0.0369895503865059,3.11079750734027,-0.252250028243801,2.26532616404387,-3.47518597841919,-1.67939522407852,1.11544173337543,-0.355558688445432,-0.224851822482501,-0.619866576481249,-0.244208496839196,1.84837898322695,-1.23500301624437,1.17138059489955,0.0450457687398366,-1.89245752881534,-1.2512782888075,1.06682863213307,0.321828632114773,-2.92545560292528,0.862230946111509,0.684753837235805,0.516408866189143
-3.73755487521125,-0.0981227455082881,4.45458360309876,0.514659928621846,0.134364635190047,1.61149221270908,5.42236894940634,-1.76257773016153,-0.837092823475484,2.20927097413736,-1.58553321623183,0.80153056995616,-0.117566078585191,-0.703041436605813,1.07846417088434,-0.776823130437818,-2.81294316433649,-3.73856076746779,-1.81853540889575,-3.42744504987725,-2.75301858935816,-2.13096155795206,-0.541707709866333,0.284826176409877,0.717541892192534,0.749391734063456,-1.48709179159238,3.92633362586539,-3.20590954117371,0.0685328990876894,2.1989212499552,1.42298381995814,-2.63819451786569,-1.02262094913277,0.379932913012418,-1.10889061022754,-1.45259083069137,-0.863749175028904,1.1324541224191,-1.60919160150101,-1.81805779349042,-2.20781576060881,-1.7444358628014,2.8687961321028,-0.795599824354069,4.87012524671694,3.26303072772522,2.31101849166889,0.655879220630023,-0.710600074366706,3.75193180501002,-1.79099883565121,-0.0536703748784075,1.09582390100455,1.60641511187973,3.5659238325233,-0.650374232869373,1.25904877922973,4.54174563684599,-1.33808754120898
-2.64718027864637,-0.784209110281541,5.50785789031197,-1.51753260290659,-0.12675131142457,1.39505247301604,1.60362984395441,-2.45881132151546,-3.16842237136012,2.65913086387127,0.65857706412332,0.484015253022376,-1.64446545822181,2.92514086133817,3.14718696866054,-1.08380339207303,-1.46239092141394,1.63625476649953,-5.01802138144661,-1.45746026314919,-1.44356876861251,0.280077953065249,0.681634375898,-2.91539959744237,-1.00632983734629,0.949376372592488,-0.782325084671087,0.685074083223081,-1.77926952776957,0.471183690971799,0.677080488234201,0.945782060744908,-1.30590567870265,-1.42771498814202,0.239568465853564,-0.509617382640096,-0.726994360393084,-0.52175845127151,5.6203731001279,-0.398763044020594,1.57635176903457,-1.31310805533594,-1.37332693244835,-2.17133547116039,-0.872314548811905,0.399174954256692,2.13849590820673,-2.00146196306586,-1.39949662521838,-3.30038448473965,4.51050278797662,1.08208217438518,-0.883524738593467,-0.559660009060769,-0.845725807840698,2.79603845198207,-3.12053834744247,3.07459898937517,1.64404237298379,0.385011740216766
-3.16129245198572,-0.0437003015909523,3.87552778134777,0.343536277250569,0.68309505162098,1.04439910315907,2.62081016606268,-2.7064702851462,-5.38890541197552,2.37937961054144,-2.10030807585423,2.1916747308066,-0.138293512587913,2.29249277721996,0.761215847327188,-2.08886822597806,-1.79407688216772,-1.56050341026244,1.83419593299335,-2.33776075995031,-1.54173673682758,-1.30602018293602,1.14563279053969,0.374626568360493,0.971184218887207,-0.647816089688801,-4.31500388254568,2.37015765470755,-2.10594177032178,-0.329564387344458,3.64315701829483,0.958158424185483,-2.97065862024448,-3.49117830517664,-2.6982702931581,1.50743678947509,-2.6188809865669,2.73133831250463,0.467216634356922,-2.23025586744536,0.290902251681007,-2.53179263287564,-0.329616181526663,-0.686018718284799,0.236994264537649,2.21885943062535,3.45935234593379,1.39530411860536,0.49704953262489,-2.70068269864201,1.59839619179536,1.01168761074918,1.51803977730997,0.2870582246066,-1.06480683195436,-0.222943485537013,-1.00374602912262,0.987809554016729,6.0608985207439,0.195548666717099
1.09636003443381,0.0389807538390459,5.80290072675425,-0.815875228246,-1.90786917455015,0.760207769869193,1.64425047279585,-1.51512527981433,-4.47398682721792,2.39295059784466,-0.0969066348625035,3.90363413356486,-3.15317329367868,3.34581531788469,-0.0816310772189668,1.39467631381251,0.152129891580821,2.45604112466192,0.572411423264606,-1.62670917089829,1.42316865127849,1.84104733501476,2.27144811438637,-0.663664658961164,-0.910960029959641,-0.142233418868772,-3.86989778582827,-3.04765374074133,-1.96594548667818,0.575939367058096,4.72753146232083,1.07208831289154,-6.08566501600816,-1.64720233294131,-1.38117031652797,-0.955459778305904,-2.2149834242864,1.01790321783118,3.91142067242822,-1.08492345707629,3.58465662172688,-3.40692636106408,-0.378769958238527,-0.329150469232697,0.857601520598837,-1.64170517208829,0.00413022334421742,-0.933072576466997,0.498429480796747,-0.0677854423559119,1.22297490167459,-0.793111408301473,-1.39557251695045,-1.64608297343192,1.07179593550268,-1.64452330840612,-4.15173201618833,1.01773044484541,2.55396834342534,1.82803421679679
-2.35831812701924,-1.0707586353896,2.58828761982327,-1.05995848397785,0.831190221497966,1.95008966372043,-0.233241159149355,-0.318981812401284,-4.58216533313427,1.98486806847486,-2.67794858038534,-1.15899515858412,1.44220798098661,1.95262711628675,-0.140619189255824,-3.05104701599744,-1.56726514812686,0.350270399643218,1.59758386191466,-0.36754167112117,-3.25370629612525,-0.533382609462047,-1.41457455845961,-1.67095968211579,1.33663061934373,-1.08223334376259,-2.1468336461938,2.08577876142756,0.790017404435316,-2.32340943948186,-1.32720555752692,-2.03664843731631,2.61377024135786,-3.82132937575746,-2.07640582868202,3.73222300314923,-1.71080417541981,3.36004161658431,0.63914867140745,-2.21944986543089,1.86302896251028,0.0407538331128107,-1.54759660248819,-3.7877237654449,-0.241788582959073,0.575123778161547,2.37461213441797,0.336653030972742,-0.848068001785275,-2.01824663864683,-0.575936963723312,1.52162018407585,1.61454821050668,-0.0992940087954807,-2.89842094484198,-0.385802785923863,0.928373288646547,1.39445377596422,3.7058161872351,2.62889302558282
-2.61258648727195,-0.193847945949172,0.389926848885261,-2.87678308462228,0.790619368845185,1.07576100116853,-3.61303107287446,1.29502749222946,-3.30734900698707,1.05112745602683,-1.44297698772349,-5.58633630854126,2.77370158537884,0.866321974302306,0.581004721371873,-3.27780698993671,-0.650831337995136,1.24319772940435,0.402217785236565,3.11641999143584,-3.44494288345815,-0.604129983463689,-3.09255259108299,-3.90756946479063,0.539486218474746,-0.740936610211422,2.37711102812164,3.42323659948546,3.99625260801138,-0.952666039058369,-4.99136320324932,-3.04766262918548,8.35546496624571,-2.49198478863011,-0.281759327336866,4.02646168479384,-1.24053489805655,2.99924476038214,0.659961167847314,-1.73020339906596,2.61764339525996,3.84719425755692,-2.48327275740504,-8.15437276025478,-0.899274966190638,-0.840937128991739,2.67399396063391,-0.686569139250811,-2.69159403684483,-2.09270355537262,-0.219412465722452,1.72516177382904,0.313912118031955,-0.968558866908741,-7.36253561271704,-0.44117658258292,-0.0566272150119351,1.30398067926513,-1.40385834919874,2.55179561107225
1.457273112751,1.33446493328632,0.309369030835604,-3.08223556415482,-2.07834037456903,0.829434918700405,3.02180617536143,1.84064293041391,1.16200529576094,0.127287911371488,-0.424615501746864,-0.972489999019184,-1.22064503884398,-2.0745890291369,-1.95884363353906,2.76357525659555,0.106716629155194,-1.74410567916082,-2.45017831060173,0.285035594816524,-0.521799285880312,-0.677066802067089,-2.578092376426,-2.81321583737066,-0.487087168245674,1.44956612881058,5.3548874833845,2.20363499855317,-0.341270374533642,1.95093429912154,-0.913155768839674,0.736718348298441,1.7927357815149,1.85157833565729,3.6411284097968,-3.79166716356823,1.11666725314416,-4.10019128542478,1.19878379050622,-1.020957749463,-1.2097881904145,1.81187631705049,0.434768908638887,-0.162675903592193,-0.650937203527493,0.0426701286016639,0.123782438864077,-0.424124327275652,-0.913210396303586,2.53402542759825,3.43227573618816,-4.86122616821662,-1.4331310689928,0.839622950450248,1.71009242518087,1.50405135050869,-2.31585414931375,-0.302071915734122,-2.69999205441349,-1.70767166848916
-2.74181903385239,-3.81711632453749,0.943433638584851,-0.489249034761434,0.882759334602368,1.99794125486266,0.220083399774375,-0.85465240871731,-2.02571986959473,2.07906491929285,-4.60549923631211,-1.69270381784474,-0.102879040623391,1.2996001924936,0.540641491124515,-2.67787944032341,-1.21775798425305,-1.96727227756999,-4.08867420074922,-0.44923853078941,-4.33056317178402,-0.669419280447882,-1.616190062448,-0.582580109374876,2.15426553505726,-0.903113287007911,-1.8613520590904,3.28949784904671,-0.639149068168283,-2.97475167947936,-2.45835856063056,-1.49669937792814,1.88325295574699,-1.60043852796373,-1.68503297930094,0.44674903389067,-0.847396762115077,1.588024335411,-2.79544553996621,-1.61184624251129,-1.59589324413785,-0.493979664023687,-1.78760343016231,-1.13265235985719,0.980696853361053,2.50651163349078,3.34307683023368,0.823361248018109,0.52995501633685,-4.67887384250714,0.620552983872142,0.271285676499193,4.10007366158411,0.216081751427428,1.0181722125891,0.359351863689059,2.44872536601446,3.04699687545146,4.12593398971392,-1.02336162610416
-2.60085259750989,1.82713873943467,4.16974369963099,-0.483040788339436,0.681752112621599,2.08722918955005,2.39430019440599,-2.21217919965384,-2.89204387742797,2.73467665539493,-2.80891336896512,2.62892856017457,-1.09178850971592,1.36579240238311,2.05254419313946,-2.17818052274582,-0.63227866246072,-3.46417272998703,-0.774471474951475,-3.22159339547679,-3.80822159878713,-5.53124236456864,-0.0507684926599788,-3.04478826444468,-0.897662041304617,0.649927289218697,1.45207147168176,5.93941196460964,0.30545978967135,-2.27791698066239,3.00465981589845,-0.330106882806679,-2.437483833507,-2.38297787494574,-1.3730243552635,-1.13417156602002,-3.56035467142347,1.02629779121617,-0.783057878376602,-2.34390354437268,-0.565552750921328,0.633631627209533,-0.12346571675081,-1.70324348612476,-1.71195984078284,3.41321693840158,4.11158003224437,0.158645101575162,-1.62151997798406,-0.767663088000569,3.08965725601735,-0.0995662751139557,2.19319826435976,0.891028061267026,1.09284794014376,2.45539791752351,0.374027675784054,-1.33210875590523,5.40495593767278,-1.02494035025969
-3.23374916089813,-0.60664499881848,2.79742958079655,-0.728269553603201,1.59247588966434,0.548492493197401,-1.62430844107108,-1.87559976937286,-3.92898448923336,2.01177689461663,-3.04232923548496,2.08100193496621,0.401044555494327,2.47113595970856,2.47767351883574,-2.17903971168746,0.41123567040667,-0.157482354861916,-1.08936896695047,-0.574228388436354,-3.41961589767079,-3.51394108688046,0.957993608042598,-1.98210664589503,-0.335816816712131,-1.38148561176618,-0.720700460322803,3.77637613721651,1.00694382733142,-1.33682459653823,0.968254253956651,-1.8849698523546,-0.352926819693774,-3.27957492397861,-4.05186087882798,1.42115256929586,-2.91548637616374,3.66734014931647,-0.393040106944031,-2.25313433048168,1.93934649643364,-0.0903887604867967,-1.47350245744804,-3.81090402346466,-0.6491758207921,0.724364331553384,2.93157567347972,-0.878086490641686,-0.713593975073224,-2.45487083032576,-0.0550619293667727,2.24608317912097,2.89502911669976,0.190886030832073,-1.87367758449445,-0.573099870134745,1.22451813327038,-0.131653971304593,4.30032102606415,0.472485285553727
-1.00319848806347,0.396156937792654,0.499232249843015,-0.855435823566381,0.865813938046053,-0.445706196242661,-0.672429810334662,0.32365350757737,0.243847823851069,0.736405002089958,-1.42629843312076,1.2771715269548,0.106540477399578,0.0318067341919243,0.192745401058627,1.42333215464373,1.37309376743362,-0.213445906365363,-3.13485875134476,0.693165325864297,-1.72663227764381,-2.87747082783134,-0.86712457901005,-2.47136210610623,-2.46220799963607,-0.493550254198834,3.41870575462255,3.79456296292724,-0.0111404989063392,0.997757683899309,-0.527159863970866,-0.484158592027372,0.787387672926746,0.488307686502312,-0.534747283898912,-2.04791645576922,-0.895079225382572,-0.422837234575226,0.919633137647366,-0.899839820182672,-1.15546816955858,1.02313806804349,-0.0789643402702807,-1.46998868527656,-1.81478352574235,0.399174077262369,0.604790027669,-1.24846368581726,0.0344284676963013,0.455948771419967,1.44818926702095,-1.2455551799161,0.431930653011971,1.22305694250865,-1.17919502155238,1.2534567612874,0.252074253621147,-1.28354238572318,0.378237308719592,-1.15645809865433
-2.7596657661507,-0.469443029643993,-0.529757367480844,-0.511873526639534,1.16436081709352,0.934409922950952,0.402770499724843,0.192810210534665,-0.392799387112125,0.737377077480164,-1.24704542640378,0.171006021626501,0.348515611200424,0.376591500592595,0.26148742722873,-0.166228742502557,-0.0679445279161508,-1.14154587989453,-3.35802451700911,0.382339817606947,-2.4495947308099,-2.52422580057601,-1.19519969004863,-3.12149997192246,-1.59816356599407,-0.81052025627781,2.68073073947099,4.81439704621989,-0.0386353677911628,-0.640826157565087,-1.58777544610018,-0.983884955118663,1.58728304749375,0.189036144992724,-0.548617505903939,-1.06250957804362,-0.56856692968588,0.0161799738911919,0.952686493913737,-1.18895968758575,-1.90941278372237,1.58077146878248,-0.585118722716084,-1.00654050008373,-1.53112024974671,2.01238013232464,0.666124358679805,-1.11171351484733,-0.231087944512257,-1.49490720486916,1.27610209753305,0.326656274491066,1.07700142061173,1.54940903630802,-0.984279617096434,2.40081003364051,0.907904629449437,-0.135001801078187,0.449483425846005,-2.029312679479
-0.110406790836666,-2.0627579492027,-3.32042723894791,1.50280090875062,0.866786355369061,-1.35417403616143,-3.04852744609168,2.13340868974968,-0.386423068261606,-0.066749616961708,-0.486952097788943,-1.19701344695992,-0.5494402038823,-0.512473867971963,-0.784758575476283,0.763356911269437,2.0811941599197,2.6239388106331,-2.18541230991948,2.70959707404226,-0.537308522855417,0.639645065904012,-1.4143611921377,-1.11859005084359,-0.31591900005451,-1.68598158010026,0.51160415172171,0.418366971006142,-0.3277718864087,0.160767460966926,-3.87557208259091,-0.780415910503191,3.73714578797004,1.48650403282182,-0.211144994643302,1.18476745258372,2.02999695573869,1.2633690510474,-0.0529817091500793,1.02548256423139,0.251981324770004,1.33901698386036,-0.140151855222616,-2.32624374506903,-0.0917396870604517,-2.02011877998566,-1.87528890036408,-1.20276315174247,0.0636348987666928,-0.901502092429928,-2.37509021839341,-0.221440665052778,1.33420369514419,0.235438691633124,-4.31857205444676,-0.034189438048062,0.52742338648197,-0.17639954020335,-2.2010802665603,0.00962231095415689
2.89890789178268,-0.817588582317058,-1.18459196848684,0.0427854827006364,-0.283650939106122,-1.55183589990028,-2.12022786664883,1.24089220174559,0.796767223162106,0.384676285343799,2.30702264992574,-0.4962500927684,-1.89169610101249,-0.0434196655551649,-0.649659690372751,3.21424880880843,3.321024046532,4.70005385322896,-4.40953821160727,2.83702535182228,1.28020306587204,2.2797587562815,-0.615227177700766,-3.53621408841202,-2.78318932571894,-0.9518512577111,3.483561209769,-2.38715694912822,0.102332972899092,0.654081624795342,-2.73925798642503,0.979972465738699,0.995989775487755,3.27958034037856,2.666726769002,-3.23278308258519,1.99510615177267,-1.15888543931555,3.83110754264352,1.38408944190506,1.96894334175883,1.00307021715606,0.763332907316407,-2.06320963986349,0.386286583390937,-3.69340720419698,-3.03308908259918,-3.63634548923815,-0.191804760831013,0.612501914589176,0.560059598446487,-0.412594931204558,-2.14114372947961,-0.915387462858693,-1.75153552444816,0.166384332403887,-2.39006716845654,-0.040238437173632,-5.01033701248046,0.449968340358936
2.36138071133524,1.66042117074297,-1.08776658490584,1.48532256030314,1.26468832738884,-1.7925935786192,-0.742065290749219,-0.193038858502083,-2.07455835392128,0.518747082453206,-0.550250885592715,4.91911745966881,-0.803038881423185,-0.592107821504127,-1.46563481433399,1.05496087572326,1.52548653125389,1.32920744033946,4.3521676069542,-0.908003609372386,2.62183734138113,-0.425632908750454,1.82187039453354,0.826025180667302,-0.280266398327096,-0.784080937475991,0.366388819604555,-0.911959132830351,-0.505291001073377,0.146490336643267,3.58430095484534,2.05868943243549,-4.48166307470755,0.319092819613949,-0.650174221173458,0.287167921710173,-2.07238257166227,3.11630770432965,-2.09953082892837,0.37859014543322,0.895435754417809,-0.488190238764538,2.02736500829242,0.401781279424562,0.7300949092245,-1.11900442049875,-2.49108467031109,-0.208177617217364,-0.263358824271756,3.17485089139723,-1.11293520996867,-1.64957324418727,-1.52728144132242,0.390578570381747,-0.767847244262994,-3.3967918071559,-0.643305986322933,-2.96919648862066,1.93815177746363,0.807747611979431
0.821714132729046,0.707554029121141,-0.648480317110274,-1.60946391470014,-0.079932743916147,1.35018647871514,3.80610330675638,0.926848604214579,2.05864655941885,0.929365085233323,2.23116414007214,1.45559017920742,-2.49255787185575,-2.41229033312824,-1.29346929905498,2.31296238167913,0.327199926608716,-2.28689301671218,-2.77167711030076,0.47468039373933,-0.510883142401416,-0.770053009053839,-1.35918335548495,-2.60342913276737,-1.84565626562945,1.77569846670208,5.20642349107048,2.91761399015786,-0.702609687281645,0.732465599945288,0.2987030926446,2.55067036252938,-0.921225710244396,3.5611069055969,2.97920306707296,-5.22650314466399,0.595022112464339,-3.09405358854525,1.20176245407808,-0.489960122072529,-2.62236912296122,2.25701330477184,2.92538693141277,1.52243043440021,-1.42154927939665,1.66318806511695,-0.49049269984135,0.329852629640327,0.193312147325743,2.56545611293502,3.35453950471673,-4.70422704618466,-2.51349079820019,2.29438366487744,1.49069033321935,2.62494699167222,-0.00177982574200664,-0.468888471392551,-1.36981086069714,-2.78368194068749
-1.60035409257764,-0.502599107696001,0.689975089039094,-2.67976183954234,-0.299230196141608,4.05084991172395,5.55163673170478,0.576886331979111,2.63195908918049,1.33741136067109,3.39298850237258,-0.331029728055719,-2.85781979268322,-1.562959022905,-0.0220226753863296,1.15470028203004,0.334188845224247,-3.83416683863642,-5.73477764581144,0.845679116207725,-2.94399341200091,-1.36898968588716,-1.51044786030128,-4.83137553299556,-2.17822561280155,1.13622155653293,4.54657799383363,4.97886931017373,-1.1449427845126,0.101905722982272,-0.342348108982321,0.967197783589619,-0.744901017938344,3.22063101468556,2.16515370004461,-7.07964187189721,1.45880236174661,-5.07123185150715,3.04968132190879,-0.0359067375435103,-3.80772266640641,2.37519936762528,1.17536604976091,1.38796239780589,-1.69981715018466,3.31077523254533,0.710508613956797,-0.00868759464719682,-0.759799543984922,-0.891938754066896,4.6102325232277,-2.53649584794122,-2.37006444383259,2.00466322176106,3.00240354548259,6.15250705537063,1.11231088485475,1.04112886253554,-2.34068763478948,-3.4611232628487
-1.51740490472505,0.993039418853315,5.33901150233486,-0.378070057914216,0.853450976752454,2.60875534001156,3.43371839306973,-3.1815696105015,-4.15471324314062,2.54249020734596,1.55654527770133,5.21900966464424,-2.36011739120495,1.78410625790168,2.84748881776873,-0.471642266301211,0.309708066496246,-1.19198369654251,2.19224164625438,-0.7514524256402,0.122377620349694,-1.53618750752523,2.54553994213572,-1.50550158717822,-0.80666485623831,-1.01792910201775,-0.928772395914728,2.69250946139706,0.01903864063585,-0.560344390250254,4.75709713746667,-0.982044384987875,-6.51423554324638,-0.909069711693259,-2.07349635957345,-2.46081766405729,-2.93584637452377,2.1762947920635,2.10140685481325,-0.611499583156505,0.037653754093888,-1.18359488219868,0.503129983626243,-1.12109938186369,0.846699722016625,0.909255263123948,1.03463468294223,0.0642774173313691,-1.97200665066779,-1.21069161114334,2.37874669732605,0.747589360090109,-0.678298854895172,-0.565301376866187,1.65741648729047,-0.0486356717682743,0.484686596842808,-0.603526371380159,2.10935428335395,0.595789368407616
0.298592830804228,-0.47223736596575,2.23400998911172,-0.81199851511766,0.574429848679198,0.579734962319642,1.79898974311365,-0.738326441023228,-1.6125742745594,1.01188787003083,1.33810421918206,2.8217978187002,-1.00914431814711,-0.874243647055334,0.984390301980083,0.980601496519555,0.45833259788017,-0.558763324681359,1.25619197260259,1.19467474280713,0.214757222793388,-0.460212379426144,0.804899010394735,-1.25785673513554,-0.785267894587454,-0.569189952617925,0.864433682875207,2.19929544001498,0.37436654850914,1.06104009278895,1.67330001874662,-1.98307113590275,-2.93017245746183,0.0803329335104031,0.374937881325308,-2.72938458308081,0.187518243093453,0.216403492577295,0.572048676224744,0.813402561499845,-1.89744308579412,-0.262845290424412,1.01411818328595,-0.8982832627749,-0.230693940011062,0.00339827538169502,-1.13871110210385,-0.0853985059661988,-0.381419347074476,0.102307409220737,1.24958497773472,-1.28528611749537,-0.910633510851445,0.163916870876593,0.781980688871052,0.0660355388760258,-0.37634096149708,-0.163987027208607,0.533276926968355,-1.07235711822271
-0.241381320181284,0.546146728988496,-2.26205206045996,-1.69572218463401,2.01848301310338,-0.253954286423809,-1.13378926635035,1.47008271150303,-1.07428672841819,-0.288003169009406,0.375921324829971,-0.770820206628502,2.63081968971333,-3.48054885848578,-0.808013550049487,0.291334329287487,0.294692573756907,-0.0596173472583199,2.96348503216014,4.33708446922004,-0.326118596629302,-2.26156518124112,-2.32741205300782,-0.819688327070304,0.642752401782989,-1.03540750604439,3.09956572047503,4.01026688318228,1.89586524148853,1.7893495885644,-1.96528590683632,-2.20714778281387,3.93800378019426,0.314858656631005,1.0905440460283,-0.211359789786898,0.199262582831918,0.63990118293106,-2.44502162361263,0.751353973364038,-1.40385770441392,1.5701274094459,0.077832438666573,-3.75966390289573,-1.5985834023066,-0.114602155171981,-0.292931840357132,-0.148252557457962,-0.830088557365851,0.414120015426763,-1.00388398345711,-1.3192497876067,-1.49167321444059,-0.419850334071506,-4.93216245546745,-0.157481839169703,0.773505572996953,-1.24696301991721,-0.710572677333989,0.683115952930515
-5.22513419450902,1.48640182744739,-2.13906391307137,0.256119159001718,2.16502839511579,4.35261616833795,6.11917966731268,-0.155549412808477,-0.916223907650101,1.30972175911058,-2.10083087848208,0.344684330438118,2.81543376889494,-3.13194543096165,-0.260354866941971,-1.76780884188206,-3.88244123930733,-9.14341695022232,3.84591450839363,-1.16615824350945,-5.29114125801332,-6.16342736180013,-1.60508043738891,-0.247722167408609,3.12805970851248,1.09043366252962,1.53500281332815,10.2907976570112,-1.74583317108586,-0.647036877784139,1.55439925550734,0.34915134385629,0.0323927753435383,0.0499285814153146,0.150327589824381,-1.82575032431988,-1.83957649552219,1.19079440625053,-4.41712932101564,-1.64720847682875,-8.52401318792546,1.47027251777319,-0.0620846272559064,2.78938528468165,-1.8481724688693,7.85460067467569,3.98230011499428,4.33038758750565,0.0867263787198522,0.0249296173695923,0.221976941933862,-3.32440753015805,0.183058688839626,3.29045479685111,0.9043795346508,4.99650902171781,5.22845216742553,-1.12834951859791,6.62362562459347,-3.17750423344408
-4.09474137939983,-5.39981493002061,-1.04000249932007,-0.558081425625883,2.52167947884694,3.88109707875902,2.36997190049895,-1.19775692004291,-0.746857564725753,1.92720014697303,-1.16716350455492,-1.78921221200269,-0.602451957407615,0.602537607290536,2.50643974129566,-2.29620411868534,-1.59965114380199,-2.79531297398296,-4.28969485682911,0.616743552843865,-5.62207423205881,0.186190007402977,-0.528186238550058,-1.48133515948201,2.97736706612775,0.18644680535813,-2.38040609479875,4.57309753562649,-1.99034078839148,-2.24297511329341,-2.91610921819993,-1.58872455155103,0.754723654806098,0.357323394268161,0.851998435565851,-2.69288751711236,-0.198330226435201,1.69430962567703,0.028241034999049,-0.0945815378413202,-4.03032937423861,0.437204863749244,-1.47681714031085,1.14440404325163,0.402822801231161,4.36766821442477,2.70627115152592,1.97142588210503,0.768933135179833,-5.4233454721314,0.142157841237956,0.913630321107782,2.0482433962167,1.57832619136009,1.37347915452593,3.79057978604262,4.05145354555283,4.04634667752627,2.45052495994834,-1.97462139002693
1.45852509987231,3.81078363130346,-0.0237120177907705,-0.0664733885534183,0.665300383826405,-0.0845073501453374,1.2423875117139,0.538464409232477,-0.681018107355221,-1.00761740708543,1.22313293226476,2.14628226122961,-0.202537248343031,-1.05173019457307,0.0303060172621186,1.70486227804177,0.884435964228711,-1.50484226354353,3.54871891932391,0.101897532973947,-0.133604419781446,-3.32650773303249,1.6799340515936,-1.90845922158795,-1.04651975524214,0.92924476252284,2.86495516692986,2.46863581610323,0.00681087656685664,1.90913939550056,3.22676513610439,1.14443414456414,-0.689963574281619,-0.0290318087065773,3.11399413728742,-2.32769760013145,-1.26908884020414,1.59075569344445,-1.24813332413265,2.0350370481692,-2.27831465555269,1.64258909894356,0.24480584921087,1.32599630531635,-0.208386903419815,0.00020305135371812,-0.0413167990099095,0.311219945997689,-0.074783268490081,3.81629047589024,-0.713859326020272,-2.18270644172748,-1.73529127388925,0.203432340581889,-1.18392155219752,0.564970900461373,-1.4765640610307,-2.71361660473999,0.0527850482367215,-0.279136205213542
-3.51445472812828,-3.51001406543265,0.498677402951423,-0.110761961869619,2.45223970955397,1.77910221173663,-1.31912420956593,-0.697601403917829,-2.99349302229491,1.64155590969113,-0.99130037459004,-1.75506929267273,0.341416020530361,2.29679839323703,2.83507898946076,-4.14475218291677,-0.389122178778466,-0.331110130875981,-2.63326138049566,0.436670819811372,-5.16199396254785,0.00642863023825457,2.1669151916305,-1.1822959324353,1.51320622338238,-1.0593359945226,-3.9016190911399,2.64794859337472,0.245064603286515,-2.7003988780286,-2.26026640681732,-1.13034087253256,2.06387406592016,-1.71370374846831,-1.22822754184311,1.77790977024971,-0.211059458296421,2.91847304440413,0.393992726017747,0.936955756938336,-2.32459026186675,0.408005349204029,-2.79151954387565,-0.94615941729178,1.45140909420017,2.82045476145948,2.8372537219915,1.71577081748019,0.451874740489624,-6.47786144065518,-1.70878956810286,4.12943987555766,2.8382472253513,0.298787468474186,-1.20273836694023,2.19837894255501,3.76580735203692,3.03672170091334,1.32140067997098,0.109449072328476
-1.81644369629904,3.44086260020769,3.86432597034893,-1.60980932114256,-0.335819828561751,3.09596622067707,3.57388090718607,-0.298601545360495,-1.52390494688475,0.558730439239427,2.23961140011426,1.62070722357911,-1.26375611884854,0.696617850923864,3.26222591542297,-0.693279292229284,-0.461893513612594,-1.81777918945697,-3.50448088500348,-1.49157673585273,-2.45548739068469,-4.1827726373857,2.19326569987257,-5.65981506621581,-3.29358842189095,1.67440197903483,3.53370176964772,4.6395838628485,1.00738843804448,0.199532814016521,2.20418078854367,1.25806862003236,-1.39510681972622,-0.127976280653589,2.48388558506105,-5.00493914502704,-0.409196714729709,-3.19418232451098,5.3431617783173,1.51467840058614,-1.40555518713369,1.00776845154035,-0.983700509968503,0.0331393476187878,-1.17385968382735,1.25326061634677,2.27759309350179,0.54677248468668,-2.86307268644022,-0.93210820206836,4.47768088034455,0.492569723225921,-1.87342304238783,1.70222058824409,1.17808877288483,4.20562855593375,-0.129949626401354,-0.238449959634125,-1.3293222605467,-1.18651658313547
-0.339220151878316,2.0194456015846,0.528437896889744,0.24965015786938,0.0470173735161156,1.57844456596547,1.67498396488677,0.211068181836315,-1.33417513776021,0.847004125974888,-0.748559535106888,3.12957878094706,-0.562616903552014,-0.633237886660435,1.57398311854792,-0.922672259250455,-0.589149304216251,-2.69876940391386,1.71924138620675,-1.71725468080323,0.905091866879012,-3.32225411825729,2.74906020266576,1.01372870246697,-0.174782800237829,0.980307006250343,-0.990508707473233,2.30717020961782,-0.295164218997237,1.18100627182389,2.97525301389695,1.86783682273741,-4.13253950143191,-0.855061566079045,-0.360933109069292,-2.25228487647402,-1.0468668846785,0.0172514911166864,0.403647555702853,0.910684482606923,-3.07071786965179,-1.4328631342432,0.586223465428574,2.3198629016681,1.20124499674469,1.41404214065285,0.842043338229004,3.17457505555192,0.0451361109641993,0.905606588723963,-0.798663960202379,-0.670514076693453,0.708566010793142,1.83431303039576,1.92617705116452,-0.0486942778640692,0.304339480144278,-0.7814430600677,3.13481583778729,-0.783684811727908
-1.90870151438218,-0.690766895810312,-0.384068990097685,-3.41869991245619,0.907483851718971,1.11343708347268,-7.39766534074128,1.69696220156775,-3.65930359220257,-0.711455198336623,1.42191159026725,-4.97629420263385,2.05698905318518,2.29970924410496,2.91315169162998,-4.20231519077412,1.08622787851338,4.30380377472868,-5.0681637578105,4.339062559071,-2.34037220899943,-0.759740129449152,-1.32363656753077,-5.07234742206436,-2.40731202248021,-2.32509003445224,1.39151926663394,1.62866953948488,5.045334488463,-0.770911965108901,-6.88593860107619,-1.90744355735095,7.71789897086202,-3.54433428358852,-1.46089926056557,1.53192248429351,0.151761905812624,0.81027487542224,5.50548339721785,1.75104823618374,3.18913193673956,1.12262385887614,-3.03300060275135,-8.36195611792738,0.782357938818737,-2.48371233870089,1.97716433830594,-1.23109599622444,-4.65155074906007,-4.49401530787755,-1.56508375358273,7.0861286639575,0.0958626565792506,-0.991137930652196,-8.57886991710735,0.00740097800659945,0.146220183790564,1.21061579908255,-3.18854852579347,2.08983886737597
-0.117485235233922,0.695516168054336,-0.354831318021406,-1.36160852371102,0.757196335991129,-0.0557861766218889,-2.28338726379527,1.91952590433656,-1.15465969808639,-0.532325956724212,-0.604872268985436,-1.8720744502106,0.100779156012047,1.35409909912729,0.817027383872915,-0.446003173130967,0.967592985941734,2.20608619953942,-2.29553669543973,1.85994638100864,-0.801545025413894,-0.836120859695316,0.933813533488801,-1.40964153202601,-1.5628806737902,-0.963909870907797,0.75514973871996,0.121071752148488,2.20219969493627,1.4235794956212,-2.05798409675199,0.290490650664887,2.06993170054445,-2.38816909001633,-0.468694192934038,-1.05860149136571,0.0528628892054657,-0.493501197317503,2.92394939190214,1.22479896582876,1.35956443945954,0.203410327541909,-0.582161270793207,-3.07469749122737,1.03440833006157,-1.02379983957722,0.662096943311633,0.645214272552563,-1.38901943072904,-1.52453432946047,-2.00966365163012,1.72853251300941,-1.55296365527325,0.357386638530148,-2.62700616374226,-0.432454424233629,-0.864198018136111,-0.597615658523746,-0.688808738746533,0.0554554006706784
2.20257677418513,0.0155352843716563,-3.56628539274318,-0.226009385732754,1.41760666989654,-0.80281248376317,-0.716957110176687,1.83553917584633,0.507601054215631,-0.72050760165021,-1.62403137958551,0.673995862074258,-1.69773783570226,-0.819545175409225,-0.942150247195195,1.46300192228509,1.35712128262706,-0.140200537089117,-0.190556331184257,1.08174305259626,1.3271168936082,1.01771815830071,2.79377116398132,3.30925096167954,-0.766764651637118,-0.71704477917676,-1.19503869497183,-2.500737220015,0.198359127918842,2.60283415264429,0.826049113415715,0.610833980588791,-1.17948880211361,-0.393473423921804,-0.175728765213917,-1.57415852001455,0.652636683737872,-0.590279611805542,-0.965413953058114,0.139337685032159,-0.126277351506287,-2.34390716749957,0.648222662787788,1.20084783523679,1.72775779204538,-1.06933335870882,-0.91687436639755,1.87420581687917,1.38762239109011,0.340110581758155,-3.21578033180608,-1.98205778145775,-1.19400602193418,0.162719006032112,2.23126164673147,-1.10255407656953,-1.59278883294133,-0.615983424799356,0.575480265927834,-0.0396919359283298
-1.27003331298355,-3.86874873774589,0.750954068627295,-1.76889367956927,1.31513280122392,2.12792575174596,-3.16725687658857,-0.554914434939702,-2.83429320996074,1.57881476246173,0.520983879035065,-2.20182142118174,-0.729766187250133,4.47518551706535,3.47082370990232,-2.27656673828453,1.15950332530796,3.81597653868494,-6.83891686466099,2.9114529074958,-3.23449134557848,2.90663279087181,3.24132330135598,-3.10428077312513,-2.84646038064517,-1.59267042897815,-2.86139712839142,-1.67205716740978,2.15498651228656,-0.769866559272943,-4.34473661165335,-2.59046409345187,1.33379897702816,-2.63998053983678,-1.40856381868345,-0.167494103915812,-1.11481866842303,1.63812624601907,4.66449903218673,0.010784845560376,3.66828146009368,-1.73593817053328,-2.18291738028545,-4.39216832247436,2.02432850978739,-2.36051281943574,1.46207528944302,-1.16636539657175,-2.07501675591434,-6.07412492746627,0.760446112934901,6.01648528155473,0.782296938353954,-2.60346474545335,-0.670769448776227,-0.592366909139775,-1.33626006105888,2.7766388129885,-0.573861260117893,0.951148596611976
-3.87406275249311,-4.44529496890877,-1.04450990753002,0.120015141402242,1.86229121510234,3.27150950340867,2.92634213580814,-0.55124692198967,-0.442850514367806,2.30598355347874,-2.64563445886574,-1.84044451108653,-0.752523738895035,1.64983952402121,1.77432602047874,-2.56426387910752,-1.70644737387912,-4.60887078183738,-6.48090504266188,-0.0290590713780543,-5.89756285872454,-0.508099941509891,2.60337934215513,-0.535847894726506,0.812057226997384,0.375470377832899,-3.07030763369755,3.12409025163968,-1.20939018053686,-1.85871870641994,-2.82341984139048,-0.625259466664094,-0.22016892808534,-1.25521969839711,-1.66206872139602,-0.740858396135055,-1.46341669585389,-0.499522340764048,1.13607715548277,-1.93626392480194,-3.35166353201155,-0.231636713388011,-1.26967945920876,1.64028367970137,1.10730547987362,5.33150947864137,5.6464522814735,3.04102291690507,-0.433264819056766,-6.01910655954736,1.92991908888423,1.31237973038647,2.3391111653526,1.69677534287021,3.70325104927279,2.49888227692665,4.35308905359741,3.46611272115288,4.57614040666632,-2.89037283865603
1.96866501841108,-1.8420835695933,-3.07143741246174,1.387693023179,1.70750854209123,-0.909726604762114,-1.29669815725546,1.29672702575673,0.161933736996058,-0.376994204255573,-1.56680260099878,-0.283663904304706,-0.774479853696353,0.104761214485283,-2.08933804603303,1.83440111249798,0.828987092482912,-1.03529883940632,-1.98659436817555,2.85885216021355,-0.0537261755303668,1.92044727779389,2.37580259138581,2.61418095767466,0.0226566595954574,-1.07529649858962,-2.29078035784721,-3.18313719514448,-1.27911088564812,1.68826101358945,-0.246731389464623,0.482250823356674,0.0798004708720771,0.117761831159591,-0.762448327751695,-0.130268664831665,-0.955087157254902,0.167974153188437,0.440912073074393,-0.846085618834358,-0.218591006751033,-0.881831521954228,1.31463772966911,0.62483984486949,1.9966213345037,-0.74410035736224,-0.607401782234586,1.21586435160594,1.79104348833899,-0.0628501692844253,-2.03444157512158,-2.44102732367043,-0.526082441594209,-0.293689071703268,1.79752046827245,-2.48775059663671,0.217669679755369,0.0765194207366006,0.485422585837758,-0.288915459195176
-2.90754001400864,0.716881519380654,-2.19944237509565,0.85838613990573,3.33827299861344,1.53620594445082,-0.540231977813152,1.3390987079895,-0.898278142884011,0.234395955283772,-2.59859502419057,-0.803205267864354,2.02369078349518,-0.438849477217183,-0.401888049856768,-1.24208426823457,-2.04184494677587,-4.94098854296892,0.385163870983595,0.934035091537112,-3.61752901138059,-2.46757455671604,0.563128701344959,-0.55594008021688,-0.54257471547288,-0.450693859830412,-0.71685484002014,3.91376007736486,0.729940307957814,-0.314155550713375,-1.69634896097777,-0.620228883761279,2.33482364834214,-1.7471431145848,-0.671280656685935,2.21466017377331,-2.73806992490835,1.46762334026069,-0.732812741863956,-2.31950762679345,-2.52882801700501,2.28148902305952,0.525640008016137,-0.396099611032438,-0.197940321202515,2.55986198176485,3.49374320462546,4.16055990499775,-0.269662059606688,-0.342618787468248,-1.58338927807344,-0.310669667511056,1.05801452343248,0.660122001731446,-1.49845765773544,0.280293973045757,3.7134388473261,-0.472604265973043,3.3452182892991,-0.206315366359465
-5.50263704684136,-1.88439188776338,-3.02547209887866,1.49026279823295,3.35065146166298,2.87843465347462,-1.24056009316944,0.836589808468992,-2.15345236131077,0.287164927128597,-4.44254989144393,-2.02508396187323,2.726149895658,0.186646200901091,0.922978760542522,-3.75334801705169,-2.74709871140377,-4.69842730262266,0.0493244664125516,0.340049069159301,-5.51377843814818,-1.24486592175788,0.341666878310361,1.12677880343331,1.84587594301244,-0.740808776424389,-2.79830865417697,4.1984777424333,0.0114938187070468,-2.45415184065809,-3.43714198933416,-2.46307078464908,2.81651487369033,-2.3183763177445,-3.08360919491002,4.45971613332036,-3.41160032890409,3.51857752835015,-3.66333243491048,-3.50891748917249,-2.52596898331631,0.879159328742687,0.324370893062374,-1.11138331393831,1.53660684813577,4.45550636599203,4.51624459135834,5.4488539356474,-0.471902293180083,-3.23193026991656,-2.78940436767538,1.89284105007759,2.75936827753293,0.522450381771534,-1.98852269430771,-0.42379769495127,5.79291426108196,1.86772842942768,6.42456781597176,-0.120072738910403
-0.549936831363168,-2.66779272944211,-0.159853042460165,0.778041991504671,0.227058309158212,2.76710927470671,3.81070404097882,-1.23997105461602,0.736714910095361,0.750491779439432,-0.619597017624019,0.455428135664977,-2.7481746727253,1.99712730066219,0.73900024134751,1.77925413508546,-0.402516032589681,-1.64865834383667,-5.67690417666272,-0.622162785214521,-2.3056788842053,3.32486214060502,2.32494659022509,0.391014115655553,-0.808899136081326,0.433844056627983,-1.59364779446296,-1.28505561429847,-3.16043025236552,0.334637115712947,0.438325441673483,0.339502306910418,-4.04294253100781,0.755981356860318,-0.472019696322942,-3.35558981134469,0.443898739730873,-2.70621033138047,3.38054751960823,-1.84761143092432,-2.12280795351466,-1.65856277732327,1.60429136657132,2.88160462824347,1.31112684971918,2.09927994138207,1.86133732513866,2.80734791033025,2.07391409016221,-3.20174221040231,0.988612257647112,-0.954378532857421,0.718926624608073,0.52143945302632,5.22932280440831,0.505303384291184,1.78779021778738,3.6999600107585,2.7150818549972,-2.52406025690889
-1.14196609737947,0.433558705578182,-0.858931441563917,0.79748823987668,1.20293518319742,0.937043462318445,0.738467124690799,-0.654112203285623,-1.36730458523638,-0.2043440592687,-0.0662880536999976,-0.188614772305129,0.553434561286764,-0.417100673191047,0.0749772334762541,-0.406048999577419,-1.39851185511443,-0.776200648998026,0.325939408126543,0.149081928499427,-1.43632561404743,-0.414295131407787,0.778582750594425,-0.377825419954746,-0.936028371720468,-0.621793054828499,1.45471031298833,1.74391745039988,-0.083321212253947,0.310771888912109,0.0554542074108533,-0.071123331743318,0.398305720312368,-0.641903576217844,-1.18375959461878,0.208221264466708,-1.21050356455088,-0.550728804415738,1.88624124137878,-1.10919363364336,-0.844697701177717,-0.313115767146761,1.67030832247643,0.210488552233957,0.252026888357004,0.597636139493664,3.31139834454673,1.78222309837067,-0.00617275893444633,-0.00590330282032989,-0.813787228606583,0.0489202813196982,0.308715512848032,-0.521008530300146,0.113720354351384,-0.719961554907024,0.29258759106335,-0.318124602811306,2.30256573705728,0.196287581187953
-0.94836890609104,1.54151130830347,6.83847698881719,-0.67879795044656,-0.395851144512751,2.6474943927907,-0.618229580273542,-3.95833032118103,-5.11425930985154,2.63576297801033,3.02262728792636,2.34654647230807,-2.26996016277562,5.78628818083722,3.2449802403765,-0.850982344135097,0.755312049496533,4.00950385509322,-2.40374923143983,-2.04561319204518,0.656399098604703,0.175644844034401,4.27399032237159,-3.23099779618648,-3.96704312151581,-1.53674960102109,-0.703767959463592,-1.2880996461745,1.2442928527525,0.296395863439761,2.1718671318358,-0.0719454946868303,-4.09086914400906,-2.04080992011296,-1.44833326134236,-1.2930341802473,-3.25333480414375,0.184623862875042,8.89020135752157,-1.61846140059838,4.02107059273169,-1.68618039086983,0.89315132145956,-2.81083434316637,0.190649956596375,-2.99854541881038,2.52365348465199,-2.47211754454232,-1.24083273754805,-2.72950321981659,3.41919587172364,4.03856017306261,-2.24104905168027,-1.89051049955738,1.35039225060724,-0.827026222481002,-3.33824630431276,0.837768920994594,1.0027621033924,0.858712439036895
-8.02969470935944,-3.75939896131019,-3.38902844142873,0.361356545956959,3.35638505774151,3.62597795447445,-2.83041141024156,1.31490574003232,-1.39504669027605,0.974607628960501,-4.8199174834718,-8.6299506918132,4.77579990844377,-2.21992703389108,1.53099113598962,-7.55342158900788,-3.05991700781837,-3.61953965411204,-2.20204356917155,2.16762249030773,-6.48392335009976,-0.869078954316842,-3.24574210040453,1.27537310567103,3.98499675147489,-1.7441407862302,-2.53895829649649,6.61491580979543,2.64877500341708,-2.58784552783982,-9.76767574876484,-3.7414844243533,10.7338773569721,-2.78007627113559,-3.51380595012377,7.99454602114444,-0.319401353214126,2.12103315687719,-1.73370530429518,-2.41919366381878,-3.5968591681618,1.94339178354388,-1.45555520227566,-2.51206846763859,-0.317010134383547,4.84676585256786,6.50493673298374,4.00939726896712,1.22254284004154,-8.25320906245949,-4.0003827887509,3.62718902792545,4.52460667701487,0.46274395909511,-5.32477366000845,1.84210849253848,8.11553904725454,3.671038054214,2.88234388179439,0.0128765549480498
-0.847580121183195,-2.84913975532953,1.26467103343903,1.20038182438741,-0.323732240212081,2.61042677596739,-0.387395545604141,-1.53988940158741,-1.26755016525287,1.53238306605244,0.398532329639094,-1.57756982032183,-2.13468791810593,1.48410872274818,1.49002228636241,-0.546871682538691,0.978556263785561,1.75287860400469,-5.9953295137737,0.962570889560747,-0.0378242113509377,2.77678822308351,0.870964823608559,0.607948564914028,-0.990406192510294,-0.950450699905229,-3.55006568798046,-2.60456973749794,-0.455804808967898,0.331390001903843,-3.56838781053536,-1.09656206314515,-0.212873476230421,0.00989479897411766,-2.01777985729527,-0.0116932096674539,0.205642883608284,0.0297063885790608,5.04991987252382,-0.367065844489752,0.829142005259403,-2.35518953103779,1.05144830496844,-0.783199427587047,0.617223006740713,-0.696773537834636,0.867437011053233,-0.33091576372111,2.40201428872499,-3.86377060653345,0.590480851530898,2.46340305878423,0.611311906701518,-0.938955110527411,0.700736481132315,1.1396976067789,0.179969392187207,3.19723831190826,-0.750964178586979,-0.249635765928046
-1.86595205088569,-0.0607693019768457,1.93936010779252,2.58206306836481,0.701346668578307,1.98038131904583,-2.55408157196844,-2.20156889469819,-3.73592010044585,1.44995974701172,-1.49105531028904,1.45995431056129,0.121747240661378,0.35307340725035,1.11780888060483,-2.66969573050115,-0.167760382460994,0.257659745220953,1.52595370879615,0.0833881321149619,0.160061492900365,0.280230968331747,1.80904131405198,2.38620183532538,0.549970391603676,-1.60630772244627,-4.32068064043041,-0.811827695670009,0.892646075608179,-0.749775399926624,-0.419341407007839,-0.414011693384329,-0.555993733521311,-3.298664006337,-2.61580075917011,3.92731942449123,-2.28015295534865,2.86579233859272,1.38237987803568,-1.582615649057,0.756217895600659,-2.16444383922329,0.483352790949547,-1.04058780906716,0.265953991679389,0.491125469945984,1.01279365464401,1.29636045299993,2.01415879068498,-2.01262027881572,-1.87246942728887,2.72013802296496,0.630577696574713,-1.15321696992198,-2.7642339695437,-2.47066673174954,0.671854265014416,0.881975189977583,2.50688417480179,0.521458733294489
-0.913159181202645,-3.67095553270785,-0.948063382878745,0.605861688509279,1.00195514076068,2.94425747742165,0.991850011490824,-0.782565076002644,2.84601448869743,1.68272254260869,-0.0747379481788826,-2.08986629210281,-2.12827543624889,-1.70588099964002,-1.10129668580207,0.630004307007076,1.76999144899602,-0.339522986831371,-8.06478537075256,1.72086638261988,-0.911421349855934,3.71877149155795,-1.23845982366447,-0.532027092819363,-0.461000493952578,-0.632206996020309,-1.05164104267778,-1.56825126456086,-0.781891592877159,1.32742020107784,-4.8044605017911,0.979505110053196,3.14597434910392,1.26298506013817,1.33837423468496,-1.60124945592672,3.45243659381507,-4.67280375756391,4.31329507600932,0.400897245643827,-2.3019144055246,-0.492020591801639,0.596530375147349,1.87007023359489,-1.64792753116843,1.51226885986004,0.281661022153524,0.0210274038554144,2.33252057443488,-3.09813961638364,1.72467639589579,-0.861973321706792,-0.325088249269244,-0.247545489319774,0.697703467964601,3.41830835432889,0.246167151537232,4.3110283521798,-3.46076248751431,-2.40726632049879
-2.30965321032729,1.80997918100894,-1.69835452618266,0.817016516250649,1.09842135519089,2.95574280493969,2.06290406456169,-0.257675655368028,1.87798526690767,1.07113447545375,-0.380916989486244,-1.22536912728015,0.192824868001339,-4.32506001098947,-2.59314855097941,0.196941869886967,-0.240047610011171,-4.13470066739739,-0.400169742647918,1.62266612235601,-0.438333419539684,-0.63701408266185,-1.26065293618068,0.0906197334076542,-0.883174535229484,0.0689863547061793,1.87457459962429,2.93608724378275,0.734704314045464,2.07990023442641,-1.57932418311063,1.75094015145827,2.88421783194647,-0.504014114004964,0.903594773052608,0.323994242864547,1.30341940741265,-2.85291530788108,-0.416322764099237,0.0476031475285648,-3.60048041907143,1.37530836795279,2.08328629792619,2.03903258247998,-2.71859585776518,3.6797382004316,1.14393436139332,1.22467161904336,1.67367670736563,1.21265392223154,0.621463062163791,-2.37564532473523,0.167102821190324,0.803164519623031,-0.372218059764388,3.09741223068111,1.06634917712793,-0.662972747222421,-0.875315843488415,-1.06098264384443
-0.348713193488813,1.73102962531792,-0.535990152698778,2.85844239562689,1.11991541589343,0.220654385067509,0.757113153877915,-0.49089482055545,1.08638818827455,0.0623348044916097,-0.587419704641675,2.24143643567567,-0.441674829698969,-2.8635670450254,-2.18775980708981,1.24317116812821,0.650383386997636,-1.88322563054333,2.38219868208471,-0.029615529024329,2.40357346653369,-0.682675539473887,0.0376978694145271,1.68922086227082,-0.104421712914196,-0.781362070928346,-0.598911870579739,0.582118283893606,0.34589872250267,2.66114286057035,0.883401867843663,2.75893380834248,-0.763537782606346,-0.926912308060068,-1.2368528716972,1.2376350365697,-0.432812475150621,-2.03281750994935,-2.86723579975698,0.163416733881194,-0.685301932331142,0.349160569802465,2.58349549882274,2.28019992710436,-0.221010740660991,1.16703524483845,-0.212848317007709,1.939008117135,2.13169323609795,2.20034244554177,-0.80523533478344,-2.66928926658583,1.20928011679874,0.755074865419107,-0.76255303568273,0.769388328021019,-0.210955059945532,-0.278156614072172,-0.34233611657019,-1.08072386639099
2.76719134747803,-1.94226411892628,-0.446368840105913,1.34703361344741,0.156348738177834,-0.844224085730592,-1.75909827829498,-1.16235621014423,0.512730845695077,1.13520601006458,1.5315381818282,0.413797025207523,-2.39692557954349,1.53300370505459,0.215417144253316,2.02034986726907,3.09063487887971,5.19043254873916,-2.73685734120543,1.66893245749001,3.80814598843483,4.73704809613792,1.30325202485478,0.0158864349904742,-1.63035247839279,-2.59320229786155,-2.5273502974867,-5.65353277162948,0.264123398311487,3.25133934291438,-0.799615570941698,1.02679635467633,-2.00703802294121,0.389452762633582,-1.37308120368712,-0.397685083148641,0.117359424837297,-0.951250483743335,1.88320169784346,0.66322155635123,2.03821244410884,-2.06326598329472,1.12785174876565,0.100539985107823,1.09500903856581,-3.29214219752313,-2.53954058983967,-1.88375873785564,1.8464903937274,-1.12679795289592,-0.279397106243952,0.133522561594785,-0.474085196204491,-0.568665698757675,-0.281769127645335,-0.377893991480255,-3.17318487649308,1.45522602083935,-4.26149836508051,0.745480651078153
4.57527670841445,3.16345428640665,0.602386400117294,-1.25540695323675,-1.36949198546327,0.557645868950027,2.8119054669268,-0.253123088010413,3.01747011441554,0.356903378419788,4.14962276499794,3.39316060174989,-4.18985919943894,-0.117501674651516,0.24859401426207,4.97696921998752,2.79332345096663,2.86645743314479,-2.29141755651596,-0.216904977731042,4.4591865256154,1.27915230484571,0.585919088203154,-2.97092666140513,-4.96202692436354,-0.296134133402775,3.52658424917868,-3.69793141342062,0.191615270323299,4.91459115219499,3.99105888831233,3.12209465857129,-6.13156626491175,2.26871698701563,1.94084301797208,-5.96655337150495,-0.73710256121423,-5.34178689600108,5.02498121820988,1.77133958598679,0.472483152843042,-0.509327850014471,1.76336159098859,2.34732386940509,-1.9631922179591,-3.5606117966749,-2.8352390615206,-2.75981421375945,-0.262206389077564,4.17008454807956,4.10438979781091,-3.28090638591899,-3.43589818661323,1.79765986490785,2.53922235304657,2.21962151715247,-4.91547932113082,-1.64094488731356,-6.31667202534047,-1.58221044991972
-1.28741992663036,-1.64444928225101,-0.705019842623069,2.2101643398273,2.01354976231078,0.666259592383548,-0.326766923504241,-2.0311474622215,-1.71719165683222,2.26710057362981,-3.14683777704464,0.974464432251566,0.779888409658251,1.0575541883155,2.03864336937366,-2.74104609239763,-0.621258204693875,-1.42937985692293,2.47052908930822,-2.11111309952967,-0.338690733107622,-0.00947479385038941,0.526199607004409,2.14019972007071,2.18936371307308,-3.13265089276284,-5.29064753144243,0.45748710318321,-0.063033299273165,-0.263920657610278,1.59556725517401,1.02094045339064,-3.92922236947432,-3.48875570865293,-4.17234171676732,3.02786352227377,-3.3993891671985,2.06187560630964,-3.19799795665809,-0.599171371392822,-1.0860166984562,-2.25105850535218,0.038338713570896,0.740756965134356,0.887820408386901,2.52755396678511,1.10613401558257,2.23227068022979,1.69141899896635,-2.19631899481,-1.46838200780822,1.34156470680411,1.74439222947077,2.19607257953592,0.898356463638516,0.267956210755334,1.77215190428066,1.19510951108725,3.94432003311933,-0.542131908470709
2.15109439106112,0.281543522809922,-0.0600686557999539,3.50625273702047,-0.653908369556484,0.902917574665879,3.72364246903947,-2.72583499037945,0.310059335768374,0.951673140952805,-1.77013610143388,4.41346204696747,-2.47572203008873,1.42097613444177,0.612615992955354,2.27638629605406,0.87044260069146,-1.38380267921872,1.50613599334764,-3.35256287691627,1.94209607886791,0.640706930157306,1.7083114529167,1.91212292485968,0.584723484356692,-2.57850669325516,-3.37853311448027,-1.7359998222594,-2.0522890323752,1.08660279996154,5.90671074064198,3.57569781704031,-8.95896021559509,0.254394793703878,-1.05579925801205,-2.11638455381309,-1.5803718625967,-1.71355729740375,-1.16166107929543,-0.284829801733727,-2.70947706802411,-2.68830629621993,1.91758236019331,4.59381633405692,1.58719473943495,1.52640586131994,-0.629679931434762,0.624662970173817,3.68501747314299,0.931004800923243,0.304255874971969,-2.13719421240739,-0.294654121418959,4.02841529887853,6.26021068372759,1.36958712596393,-1.38886122262525,0.755510631049486,3.70687472585481,-2.23157276883648
2.12123829737614,-1.43187120551993,-1.3630635566111,1.67436558183779,-1.73523194270906,-0.597122009226818,-0.733386771172353,-1.04867675598379,1.70035868088953,-0.919313282751095,0.341831144373027,0.293228309298654,-2.05781267157821,0.182049470205498,-0.259273763757335,3.10672676131523,2.29205601293737,3.12747082918882,-1.9467303904066,1.77265087595469,1.47143772422326,3.71130186312024,-0.952462899987614,0.11428887908676,0.0263911748483905,-2.8336496499349,-1.31518980652729,-4.38981138192321,0.353083649151662,1.08127315645608,0.181585092358415,0.739512522807281,-1.49785341541326,0.701151658083384,0.366022528484119,-0.565302226762207,2.2712799696796,-2.7792536627913,0.588912911202156,1.32785992103942,-1.08489657676723,-0.554106175909354,0.035217274385769,-0.184096425617341,0.502310932939262,-2.22899396439964,-1.8189402856383,-1.49332836713369,2.29377335330808,0.0905266585639836,-1.76393700834277,-0.258364172796683,-2.18443502969059,1.37917295057865,0.806329834295056,0.761746769490177,-1.93668351817674,2.60469922486959,-1.79371186561521,-1.56522891055681
3.13329205483921,2.68500739980437,-1.02429432940084,1.32332140000447,-1.76235797880427,-3.01494251987343,-7.1032185478274,0.308153056168707,-1.57586851905242,-1.72646905932781,2.71371686626359,-0.128934476919496,-0.632828944201416,0.322567411113058,-0.707539622962497,3.09523745994194,4.81504589524716,7.1877593948455,4.39241686386321,4.23281069331453,4.41068461762715,2.21922676013232,-0.728040617022826,-0.746755608493388,-2.32256288903656,-2.73557531642742,1.45308293296177,-6.04052033249044,4.84645069879044,2.47350022862986,1.45536532319302,0.0555788284222221,2.40447319268172,-1.67725838689665,-0.493901238185247,1.90213930281006,1.66969904295673,0.595163678732285,2.09446429034093,2.08025763117942,4.15497219265156,-0.815874579711798,-0.146522913193768,-5.2231838624341,0.443632434154504,-7.51226207484735,-3.82623192245882,-4.09146294600854,0.0442439044547152,3.42265679998793,-3.19624767008504,1.27660289376831,-3.64377287200133,-1.31567127999695,-6.57668555265093,-3.52474868503392,-5.01851422266978,-1.20151246174638,-5.16822032630637,1.90300572987339
1.18347043887349,2.21092828451297,0.372477240325364,1.97068862963604,-1.99267887872085,-1.04927944093676,-3.72354874106254,0.562245721150782,-1.58580142047532,-2.13947867626135,1.31855529456903,0.481378048443075,-0.960942098760566,1.80502679374615,0.505451245951156,1.39053618396774,2.27216808446883,3.79672211139717,3.80361220619911,2.39029652582853,2.3697092498217,0.630237156321714,-0.856198301400567,-0.313215076121678,-0.87083752896069,-0.951464781270636,1.00450047591811,-2.6421874711892,3.02793045169784,1.35355645113539,2.32383752947833,0.816481430848651,0.655077120681597,-1.91449704883471,-2.27019512424888,1.68772340547305,0.460788813541744,0.77112797675208,2.22322690107164,-1.22243187542759,2.22271706456733,-1.14988797156612,-0.898957532942503,-4.66140684916835,0.309803389864251,-3.76018984716882,-1.87476680648162,-1.55228646292515,-0.299333825163508,1.86067640041593,-2.00622414209383,1.77683793824109,-2.3384501577316,0.392177188672031,-4.59200753713696,-1.23095506082066,-1.81809820089866,0.239662617778412,-0.356984193448127,-0.0613691391182107
-6.39693102302261,3.0162526636242,-0.650054103218256,3.0988650514444,1.75231640772026,-0.140625223171244,-2.68167116621852,-0.131280216177349,-4.98547827127051,-2.58598090444828,-4.56213049798667,-0.335902823383666,5.54664639657146,-0.364677892744551,1.63565390265722,-5.82905906034714,-1.72069232146591,-3.51406393071083,10.2059300356884,-0.0809514239239609,-3.7051349097765,-5.42229921354752,-1.74769968425966,1.61076059442221,4.26410225036502,-2.01687425188963,-1.52236574658494,6.98432772715403,3.33185357028893,-2.04980249120987,0.790013186267156,-0.97586299563507,3.91567514462761,-6.19915502487869,-6.32613002813744,8.77301816564402,-4.06189540139817,6.73549690890747,-5.28245683396553,-2.9517817469518,-1.53831021724424,2.33270064277035,-1.89258405773663,-5.11617139270696,0.68062634154692,4.03466355940588,4.45393685146168,4.10123173453566,-1.04097585547237,-0.509297840324591,-4.67814012682271,4.41330596032762,1.2755868874506,2.12515422061624,-8.60504554245098,-1.50260917020414,5.14019944640695,-1.09643966893566,8.7622986581905,1.38094711261126
1.72382021005002,1.08665667365582,4.70118808823381,0.923576284824446,-2.50280345486324,1.07295108055273,1.45761918278504,-3.80469616679684,-2.08444386510009,-0.854584165215285,2.3079686628437,4.35048974012829,-2.54756311140647,5.65951206391188,1.7926324416877,0.971993951505154,2.90253965230473,2.36732543714246,-0.600423268193526,-1.63094957330215,2.0601664102925,1.80484586250134,2.56571736670888,-0.575524191153161,-1.38931700489501,-0.00850913965873157,-1.64969429707944,-3.05455982632952,-1.23030294757347,0.185411727087759,5.65481472504898,1.72922463731789,-6.87416345138511,-2.19359238683483,-1.28526760094889,-2.49972283189346,-1.36319500367793,0.347506549328519,5.95715903741003,0.202738876724791,3.51514170105113,-2.22788651196511,-1.2710104066564,-1.02664558699757,0.685410693405585,-2.80079407625027,-1.3811870623943,-1.52622039626815,0.105894157671811,-0.601004574238442,1.29768110394014,2.15383039152813,-2.61892597608176,0.228239861525328,0.755138602091844,-0.203232528175468,-2.330140035393,2.14978428096098,1.80698469792416,-0.111190951864138
-2.24858229827343,2.77953818832259,-0.761700469739563,0.360760942407516,-0.116987632499794,-0.821057027078477,-0.803098959626112,-0.111895279081848,-1.09221221430274,-3.56430199334067,-0.567487837192681,-0.69207794331084,2.66516765359064,-0.0470304587554351,0.107545958401842,-3.6628056716905,0.575352454626163,-2.63062936859622,2.67311224409143,1.30184271233102,-1.27113062633433,-1.96660676194379,-2.12222104580601,0.146719867564254,1.37500148195854,-0.0295215172858059,1.80362148969616,2.98993221707071,0.805122631713513,-0.921981367104814,0.142319875753189,-0.083322069386875,2.27306267099586,-3.5104541024312,-0.589814096583696,3.27967544002886,-2.18143561048823,0.882401751701593,-0.169245198154945,-1.45668453352719,-0.168427912224087,2.38805399109963,-2.34997005310479,-2.33355300974159,-0.804691837235122,0.881074836858039,0.0573367067965085,2.44809022184551,-0.895209664074435,1.06024111816829,-1.01493635454339,1.12239738477758,-1.16892006518313,0.738659923925847,-4.29556101369961,-0.0879175352040927,1.67514994834903,0.412581025595804,1.2374055829594,1.30441476921293
-3.32469982438244,-5.03155469569436,-6.72502675146963,1.41928193256624,1.1623010383188,-0.757083828455397,-1.9450795893523,1.17575599815574,2.4257916312428,-2.81374717839388,-2.33968479802131,-6.52870478368739,4.25820214593442,-1.86475851487894,-2.01926129764168,-4.64299966675666,-1.0401566882512,-2.98069443318358,-2.03541098594477,2.90266941707073,-4.28704340122173,2.6879651706117,-4.50379590129762,4.52860633346196,5.76213909852607,-1.01069009950367,-2.97559007061627,2.14848847880306,-1.61524669191163,-2.32089998766435,-5.76854288757918,-1.03644287420726,6.38142100407935,-2.04543833368741,-2.11649724455219,5.27802001549775,-0.0121625490897341,1.26295802086521,-5.05482718229598,-1.89112413910639,-4.27970382721211,0.452778685104931,-4.00052750753688,-0.395629360530333,0.322179941111075,4.06850618630776,0.603088253535977,4.3612597990365,2.08100988914392,-3.86233715744998,-3.13228638197537,0.0380185551014284,3.01201347365847,1.7210714070724,-1.9047107394078,1.25062774799047,5.9937275650077,4.88183918975772,3.71639744695023,-0.59598380108093
2.36750857702459,5.15010710793172,1.3587299089582,0.661247869723151,-1.89246262006946,-0.770631991781335,1.42023210926521,-2.38017795549084,0.329760127043434,-2.91857634624683,2.12393104155818,3.43409216384574,-1.14656442732722,1.06345312617834,-1.01887154390861,2.44723493567317,2.32407637741545,0.868127029656742,2.90413870266581,-2.23612731335188,3.24387876527215,-0.0337204912634287,0.619270802654744,1.12541315276348,-1.68010453146086,0.134609558125842,1.50792204401144,-1.97180263420354,-2.07757677652442,1.06123432700118,6.38610271269723,2.78085028241036,-5.13593621417168,-1.27240316543362,1.09470610949832,-1.89194405158095,-3.50853577169762,-0.441125704033935,2.27632440772283,0.309726745944218,1.79038141604091,-1.35475112105398,-0.192533670393445,-0.216766995716428,-1.14871479263035,-1.63023975598207,-3.2254729801525,0.55109788002024,0.806338942755295,4.28832790059684,2.13534594133596,-1.65325521489672,-2.52924164218505,1.02037762685466,2.07382956498003,-1.22903409197919,-3.00263137654286,-1.25505254029294,1.74755826392139,-0.491614064881265
-0.460083905126299,-4.28690632673479,-2.45610154439448,1.75302642451728,-0.0309897026679857,1.42789562759939,0.959633953983135,-1.81979334171375,1.40916471229027,-1.44275946341241,-1.20214367208067,-2.96337049013782,-0.212708649072252,2.85184401748668,-0.276943349486437,-2.16733654772636,-0.0125239022814599,0.059541920536718,-4.85061674633589,-1.19238290435529,-1.1677549521433,3.06383138431369,-1.10032798186377,3.57163351745854,3.01258872080924,-0.588864273152907,-3.11027015717679,-1.03994939996585,-3.73949870742375,-2.99197882984868,-2.30122918714576,0.727481406738137,-1.81999343611973,-1.37115670602356,-1.96757353355988,1.50767559016162,-0.876864537670158,1.04315930600406,0.0158897079783701,0.456130350611578,-1.32913141883357,-1.53093866355678,-1.57596684134657,0.736652662512948,0.404989286549615,3.68741975634072,-0.333490007740461,2.70487590256092,2.77446559954962,-5.33616012879719,0.434363039346048,1.68884746476856,2.45076501954392,2.00978073360611,1.95617429690777,1.38495278967822,2.82269496995461,4.63347995836093,4.30865963507258,-0.632786610189038
0.153316576401683,4.48867804335619,-1.59631742116532,-1.10033742096888,-1.14434589759227,1.32493084641297,3.62923331068371,1.69366948372866,4.45205667087842,-3.23282015880204,2.4714947161587,-2.05543244980022,0.233007657771405,-1.54486016871086,-2.64002546402645,1.79283949627932,0.178740765599328,-1.63368844904478,-3.24389109337701,-0.587136781275174,-0.292946516427049,-1.89935589825846,-4.57355503028509,-2.27845336596079,-1.89569231107096,2.2363016840196,8.55531401856706,2.97358082829041,-1.7113353717182,-0.540844550882912,-0.135794456742288,2.4525544909995,1.97908275327486,2.15051671498294,4.19633841340378,-4.20639558465308,-0.120375586612596,-3.90962235291343,2.39896987975473,1.00116034460572,-3.47133805405884,3.22192888995718,1.1238284927184,0.931949583660503,-4.17140754717164,2.7827162530714,-1.17594455893755,1.75408299938302,-0.316094699465817,2.10332544215347,4.27546889521327,-2.65435616318942,-2.15648090502765,2.00453235591157,0.563862607198375,3.26023936345585,0.266450282372565,-0.772209560939898,-2.04319661631998,-1.94742792570527
0.220810069845346,3.43078215201387,-0.281511359598363,0.160204976717762,-1.44516464371656,0.788695542796061,1.17569973585679,-0.384439252166311,1.51229769130704,-1.93903423747294,1.12677709344874,0.443989447240833,-1.02241276527762,0.951908523026759,-0.609480906741586,1.62914664729949,0.924278454988117,0.880665645696614,-1.91727267232456,-1.32812582131248,0.470892078637785,-0.91533682106669,-1.942749982607,-0.00802592071092145,-0.50061156093509,0.86392325078291,5.32699429303701,0.51638836188664,-1.11583033213957,-1.12970108957728,1.5965834631746,1.52645901923107,-0.0186266171202558,0.491668325546745,2.13397148382667,-1.29062242702866,-0.638382386145037,-1.094003996256,1.88129494530401,0.761625052664254,-0.338979981921909,0.799722817739609,1.10334464957019,0.578044123830092,-3.16943820005062,1.03255637437852,-1.5839077780436,0.650289703761113,-0.767111820235411,0.490390123502161,2.55215207722513,-0.377529569484174,-1.728099011327,0.888332175072426,-0.348734235825222,-0.0779786591320584,-1.29128599912827,-0.136371302763721,-1.70781667236778,0.643069774679371
-1.80682811674623,-1.27533224692801,-2.28731655519002,1.07711356746249,-0.0784471594079471,-0.53133180894418,-2.22169259220597,0.412491389278039,-0.590251742173764,-1.53676262054874,-1.88373947237736,-1.40036442608359,0.402455047691583,2.75825154681042,-0.451626074693539,-1.44633496339839,0.831204762490699,2.04710488025959,-1.69328117096399,0.273629568719175,-1.06028248453999,0.995881812057246,-2.5535879474657,2.07341103759075,2.60044330501478,-1.72975072176216,0.285117296486199,-0.650269365684849,-0.567563242073463,-2.33874411949909,-1.5320057235488,-0.805990884631796,2.78626097846186,-1.09364118359457,-1.63838045038353,3.83416006945608,0.0652279364230894,1.92054438383528,-1.22318395825452,0.398129407898491,0.505013623701728,-0.466782912208545,0.520349218939281,-1.31659785780635,0.117428626064849,0.679221986871938,-0.20440607653788,1.78222731172337,-0.32257560779974,-3.28988505038784,-1.21335242900554,2.57236922292674,1.8512347197148,0.077951252840728,-2.55914519017681,-1.57506404980427,1.29577330108939,1.96484015547595,0.706345262292416,1.34743667960662
2.64334902953268,6.56961065601297,0.140631614374281,2.16062565140735,-2.41919038549615,-2.28078802587603,3.06498535851872,-0.309479388265297,0.676591101448627,-2.75694688485124,-0.756185448961879,5.91965158987945,-1.65572394171385,-1.05080213131399,-2.38703123412259,3.27453027281738,1.10088064407701,-0.843765517353831,5.53551952742096,-3.2373408999043,3.86743197350886,-2.1426225436498,0.0134087241147325,4.11661040461261,0.263926143224474,-0.394888776902137,3.35113505737378,-0.222130708338402,-2.35954034027075,2.53260626092472,8.45665057593054,3.00394941701773,-4.929646412952,0.612392776494456,1.31991592060868,-1.20196323940602,-2.14307824692227,-0.854868331351124,-1.86631983103476,1.48977646496425,-0.0848447818099186,-0.165669603616979,3.09623586817036,2.86904631406821,0.0837105269657249,-2.22022356893399,-3.10363289564593,1.60256517775296,0.0175787510306831,6.66970746806052,-0.635379387514948,-5.02721806309143,-2.35156917607898,0.60366404090744,1.59136530462022,-2.50014625893191,-2.25026659999218,-4.48223923889004,2.04152658936004,-0.398543378206461
-0.954168268929697,0.692485431363885,1.47422001945307,-0.0374951062285112,-1.40623206982992,-0.238804742607839,-2.06604718353199,-1.1099402028366,-0.580632807824941,-1.34152483969643,1.4066591816709,-0.906519677943584,-0.945544297697583,2.38540694774043,0.182420780111462,-0.693825804867256,1.01410719628547,3.73667313690255,-2.57359909216915,1.30545199452969,-1.44222101909825,0.44419480307241,-1.97523949727088,-3.2283286878981,-1.29184424076776,-0.776595811169531,3.20252986644736,0.982656031352671,0.104950831911308,-0.348190517779382,-0.706724204333093,-0.639857038356875,2.86428354468158,-0.860224059815427,0.408227032031484,0.396700062429299,-0.551238387181621,-0.578664726534462,4.51261895059693,1.1574660831476,2.2796771753576,2.09537241081448,-0.740907109140062,-4.31688470946482,-1.15306051825686,-2.13249047579972,-1.2346728997132,-0.765065760215931,-3.16361835150402,-1.09632522095209,0.889417148467723,2.43536546530626,-1.06575735307326,-1.31731312648048,-3.27519622186194,0.179798111600522,-1.58305817281902,0.313995367715792,-2.06093358361647,1.12098572950572
-3.08098160516754,2.49377239602043,3.94875074833667,0.107790047837265,-1.48376228639474,2.22545365172706,4.34120413231978,-3.88585015038589,-1.90039209468798,0.688584753363846,-0.684213479913081,1.71560192006779,-1.6717679888332,1.74248688331788,-0.14071989089967,-1.00111286441453,-1.70775359434502,-3.25018354544765,-1.40947592828187,-2.96015284916443,-2.74381368240705,-2.94592343336735,-0.261180530135839,-3.9299981504066,-2.03000921627358,2.19056012938665,3.38105139927109,5.04171343881946,-1.1159046443202,-1.41694498585694,2.92153435316185,1.46737937567974,-1.6508725845703,-0.799096914452579,-0.232631608731077,-2.55671124702028,-3.39911537299568,-1.6689319623947,2.57258457780589,-0.3181492061649,-1.64001147546749,2.80826683256118,0.374710914488938,-0.919735538333621,-1.54218654472409,1.71406592264427,0.605319385514518,0.391003312820736,-2.07737139813073,-0.279430311746735,3.6696954346664,0.790801610229288,-0.37443432845786,1.46887923683935,0.616072791737822,3.11833105211483,-0.0239342724999461,-0.84950129661039,1.92676463577072,-1.05366154905408
-0.000292110365544829,3.51349234260871,2.78901683006567,-0.0745524160648273,-0.0328071253532431,0.161529766439435,-0.456279136602254,-2.90923547196485,-2.138459790917,0.22675786701687,-0.487859361706365,2.23347593589057,-0.742733211037162,1.50668518118321,-1.47151636347941,0.340879651957826,0.365504978561388,0.0963248232301752,4.09695733833776,-1.40811858935721,0.78480662560514,-1.99542169860339,0.541683218395888,-1.63430548003969,-0.3507047826887,1.09712495621728,2.86291942708539,0.340085360769663,1.01882408479308,0.240503460089204,3.4145235072707,0.91323059444345,-0.101230808504379,-1.1820041760769,-0.881880886214441,-0.253230592836603,-2.65482372302923,-0.139724240649526,0.833762946916685,0.128041989728089,0.647405710905408,2.11535252728746,0.138995276512409,-2.18510962252614,-1.63376464433964,-1.54953091625589,-2.89740714962955,-1.22464387408443,-1.11758420371454,2.40306592486434,0.869048691975415,0.378779963874799,-1.24242677292176,0.531654869818013,-1.88117146643346,-1.32519128098525,-2.57415730922638,-3.16626074228666,0.0471538366218655,1.55140232712082
-0.454066476377715,-1.1645965096442,1.14793655474402,0.86961597561492,0.609143038064131,0.359336932563241,-0.234891907464082,-2.29608460240109,0.57433385400511,0.0450980113733015,-1.55586958187424,1.13424643182352,-1.82552970240584,2.15227361442278,-1.34261861179639,-0.0694233733092912,-0.241609494977941,1.50714965839896,-0.315320605785894,-1.28389836833121,-0.957559073866123,1.74376964982517,0.760460990151981,0.519046893978844,1.07943325904978,0.529227262718827,-0.535386028307334,-0.806722422663928,-0.275406371254988,-0.685036714128002,-0.370177653381808,-0.297111354801326,-1.54303596867162,-0.689624918711325,-1.44584554258244,-0.236151850404815,-0.397912079368928,-1.07943124111087,0.417220757898074,0.276469013593661,-0.699792939418864,0.708957742828816,-0.251456432783471,-1.50196173914064,-0.248557857403703,-0.0842657965407595,-3.41344017920234,-0.483558398720155,0.657190682741928,-0.186119768830993,0.509402195617151,0.151789190468545,0.085763441893224,0.843965555123483,0.310220749225952,0.707598655429427,-1.03492539258278,0.340936798623591,1.21500004829438,0.385282842303115
-1.59421247476382,0.952777700431405,1.58988128582683,0.991474781404046,0.989152342971869,-0.947469634706165,-4.15063141618515,-2.31294538066146,-2.8791019100551,-0.979961524674416,-1.27786891276476,1.16286011377299,1.0879149071436,1.53805032134269,-0.397568613063447,-1.63246740885445,0.000175599352605749,3.17172308258267,5.49440533324836,-1.04524091203971,-0.450352546076028,-0.0244063345476201,0.00768363424220669,0.413665446450872,0.565225133575353,-0.754599854142225,-0.900811309252606,-0.0194381166086168,3.42529120935234,-0.63217982366815,-0.62612737370822,-2.34675794729994,2.02595466474757,-4.41657465056044,-2.7473733704517,4.09715167130067,-2.08351456488525,2.07214211802007,-0.832386565205574,-0.0314148127620072,3.21506291607064,2.13765267384953,-0.484150657823383,-4.50571593777863,-0.0459507112694768,-2.25618128629994,-2.52585093066245,-0.821086595056819,-1.70067379540909,0.0159687879122677,-2.16698165939547,3.14408467030631,0.752468603339392,-0.626985807732118,-5.39433290809797,-2.83838434956481,-1.06193618853148,-2.20563685522839,1.45754857766255,4.34695638362579
-0.883957135135801,3.66561098741076,5.59681283743126,0.388805714115808,-0.531462449349563,1.85442264486661,2.33116399240766,-3.79230722253837,-1.40297232349331,0.0869392182440138,-0.15981562275928,4.44390827082337,-1.49023881245668,2.83325390770596,1.25217646702653,-0.377568716964575,-0.831729748455968,-0.167783867673105,2.7345891914494,-4.05432199090603,0.239776172836947,-0.537194224763463,1.72315070843927,-1.71460124973757,-2.6209941156687,1.74816879848087,0.985745242146008,0.89540909199212,1.25720999678483,0.262820020057269,4.27066394144705,0.84972871386902,-3.73061963456782,-2.64961489670223,-0.319604339392796,-1.12489416088962,-4.10252249863496,-2.11813823307554,2.84575179543264,-0.747716793904198,2.01047117281025,1.72895799130379,0.248806939933666,-1.55834914968028,-1.66145894979581,-0.591252830108216,-1.72494570401011,-1.22607784482772,-1.83764970672424,2.20506263597719,2.87929412112034,-0.102943961517541,-1.63537409492642,0.283727183499509,0.633899549422421,1.10915769571339,-2.28815188538573,-3.73170502375215,1.07090873537787,1.82743361694306
-0.948634094412965,1.30963997020364,1.40454604531527,0.41981761670423,0.254012318311631,0.701441124099927,-0.776956264774497,-1.55162794899783,-0.0300811228555611,-0.59781599838305,-0.153421183578335,0.928577865844962,-0.548161524780973,0.716506267196961,-0.125465498173297,-0.770549350233488,-0.691815448461971,0.280473509030991,2.51297950265614,-0.917506151998378,-1.26809179260627,-0.369591223118744,-0.104483644547286,-0.341274159130633,-0.927691270416771,0.398444222008076,1.47271116703714,0.131053400307388,2.24049516250367,0.0654244637551604,0.474354288347367,0.0546424755587578,1.00023403170829,-3.77607347613238,-0.498700087025515,0.565947580686294,-1.28587409300546,-0.806915017613597,1.03264825831458,-0.751306087509346,1.32014341139218,2.90312542857469,-1.04961011555166,-3.86778176081687,-1.85693458272521,-0.33760122370113,-1.34620326559089,-0.469039536251082,-1.30926807876826,0.853744957024283,0.664493360752544,0.119656967356456,-1.10587582218908,1.07708975767814,-1.79221540855565,0.946554494897633,-1.82498612769381,-2.54324351383006,-1.30029238677628,1.6816638172916
1.12219251895192,-1.45214270584464,0.129957299191988,0.444714008171686,-0.224253224170441,-1.49851358599724,-2.71158417314371,-0.808559637929034,-1.00401308353083,-0.953090671832853,-1.14262597442673,2.91744688478155,-0.959932140030347,0.658935688079726,-0.481489634629227,0.445516112888419,-0.971428575060783,1.72932661075408,4.88799083395752,-1.00482842549524,1.67553625402757,2.14284358913365,0.741418075434538,2.30878457675669,-0.239314262640935,-0.149355743222295,-1.80347591391448,-3.06066898176487,1.7481647197417,-0.451056039135032,0.747664809642661,0.149825547545088,-0.829785257974257,-3.63831848668023,-2.33565234073481,1.3646783233625,0.499545822318387,1.62857121850845,-1.05613002544681,0.422667943676953,2.11892702945734,1.61626622677867,1.17644826109024,-1.74967621437675,0.900391475835598,-2.03486341256992,-2.18699364631006,0.335534591896697,0.515648286408195,1.48587997978492,-2.2378675336154,-1.7371640398173,-0.0918836172753859,0.966175439281146,-0.318240415608088,-2.35366225187301,-2.33825741136122,-1.01794714040099,-1.06942635601506,2.08433988410124
1.38138710321375,-3.60372560565361,2.57795807182191,0.999503445632678,0.00792895274787075,-0.16252540525733,-1.28470926747055,-3.67216967216694,-2.95481845424729,-0.124082381634536,-0.475084965866608,4.40426644745459,-1.56891713857098,5.60140594799133,1.89305880598992,-1.26944113429304,-0.509391926531399,3.2427219644055,-0.0667249488507191,-2.25326524198194,0.628312315785053,4.33746905862642,3.22512319841989,0.651832321341776,-1.20254091617444,-0.513651027300542,-4.38084585151829,-4.41669131030039,1.38402084734541,-2.68100886528146,1.36123054819341,-1.3674828862183,-5.3151497341714,-2.94716628053896,-2.18033925750652,0.212390663795524,0.30265329173879,2.69817637282192,3.51320510217527,0.0265407248695433,2.4750858976827,-0.612916811137118,0.083081942911107,-2.01098088309428,1.50680951209644,-2.73745911087168,-0.705219919486587,-1.15637762350996,0.0314916442598598,-1.82001865910874,-0.306045573423628,2.29707439883233,0.618813898146145,0.854040548409765,2.50894694193042,-0.999526672786399,-2.13187757882361,1.10454028802391,0.46621932798572,0.47044738059879
0.971640464032249,-1.52650900633265,-2.94554316787363,0.783845966961426,-0.739214857362283,-1.4956269744953,-0.16871338018152,0.413803113252193,0.47703875430973,-2.28519426388742,-1.73929422617594,2.27698671331269,0.597316662355722,0.259017971312599,-1.18063923198182,-0.529336096821155,-1.89729797362811,-1.29031046624473,2.25485351461716,-0.283310089209076,-0.223320058650526,2.26233106164604,0.14930259694421,1.92810329466102,1.27242501844113,0.664888886985512,-1.73095891894423,-2.09442245035035,0.478881598302741,-1.09153264346326,-0.154936041905364,-0.337075671312668,-0.134433385486155,-2.49742922788647,-1.16531449341858,0.91717153675487,1.68240079053739,1.55675597990186,-0.908170636860155,0.377419174099452,0.0364298665632833,0.554203719588382,0.566219719724569,0.0749137408698731,1.07970658047203,-1.35465278385905,-1.38571551015452,1.165928617421,1.06161343205944,1.32851760603521,-2.37612023035462,-2.04476525294583,1.96467554845129,2.30925635966277,1.92196188222129,-1.04743778409892,-0.844612074848842,-0.233601519379628,-0.46079949229456,-0.0908987770207577
-2.30504970402148,0.525079503749485,0.111130551997641,1.98822076901615,-0.106831538941229,-1.2864527108912,1.61416969432949,-1.79284272087748,-2.38731390401927,-0.464164912670557,-2.93998719741366,3.21709071808463,0.934229495940582,1.52583972186055,0.474904737600739,-3.34803938530403,-2.5487751913695,-2.79114442989995,5.474111330208,-2.19066854977411,-1.25629221546519,-1.79415194740603,1.5490755579647,2.22261988371047,2.1996290639101,1.23429739719981,-2.34533636775209,2.07310109207499,0.963489812805308,-2.47649978153593,3.05150464236627,-0.643701689030555,-2.58847007327795,-4.66772476072098,-3.41387444222732,2.53754664072228,-1.42786959710283,4.36058103485132,-1.91699172209234,-0.736995650034059,0.25642670955675,0.564637678387044,0.350784913996732,-1.58473890237522,1.038844160629,0.423805357723832,1.66224701762074,3.15047940791878,-0.363732540689192,1.0363051699323,-1.12675182855336,0.26507848099285,3.16183098263182,2.15804764083724,1.25748789609222,-1.55797107785568,0.633928426351284,-0.209566559224549,4.18950531415033,-0.460119020314212
1.17035133221819,0.4226862804069,0.117239475304759,0.607761577231538,-3.25982520397605,-0.570119416993925,5.53773164181251,-0.776580418636006,2.74274379846516,-0.0891016820837157,1.42326603537918,4.56000822264629,-2.55939652487273,0.695222649455661,-1.37329275784643,2.16505102349469,-1.26998346668308,-3.14949720691629,-1.13490020901707,-3.17330976442678,0.237781189448812,-0.327959469042626,0.905462609843858,-0.532027436450685,-1.39808224669944,2.20796808652003,2.44166260791418,0.941070838763512,-0.538700971872979,-0.354787569783858,4.18734577858382,2.36786789721953,-3.54061692299278,0.707630265239697,3.09790884971699,-4.60315673060543,1.27607622315305,-3.30871520724097,3.04182350079982,-0.218063394691784,-1.26191759761465,1.12282754713875,0.657974998046773,2.36438504232546,-1.20613590830732,-0.324094454015104,-0.453742146626414,0.734087072726193,-0.0462476211573542,3.54647776515034,4.23934369188792,-3.35624615763592,-0.366713848712824,1.94300319535463,5.29125126707927,3.27656306212865,-2.58350228266165,0.851411150304189,-0.586655688200393,-2.10422427579279
-0.462173720486596,-4.82802331122001,-1.83924170395434,-0.898811583963903,-1.40030747568449,-1.31210407184325,-2.05968087440755,1.08986610928632,1.88447082442439,1.0908949944194,1.07315735217102,-1.80711919596191,-0.621630354693912,2.06716341116282,-0.617272909256687,-1.27273880947563,0.504693948931499,1.97494564308762,-5.83892223841594,2.35461802940414,-2.99172257139224,3.07043983139572,-1.66644227076344,-2.76201012836785,0.0896349151415283,0.369402071446833,0.201291172106316,-0.700607284458062,1.42296609200433,-2.41599050569684,-4.28176353415283,-1.30695564852322,5.08405740163167,0.0217485667683122,1.76227759417396,0.755212319989704,2.93358696636245,-0.262862706109216,4.61174481803655,0.606919542523169,1.1947399316122,1.44151865039486,-0.978111373092029,-3.63091009078575,-0.392659482330877,-1.17475942084458,-0.231899541168015,-0.887168321499458,-0.950921253660319,-4.29910778755837,0.819391245580242,2.45577573517677,1.52172618625123,0.612246839847383,-2.20171530240827,1.78691601559713,-1.15572851941171,4.26430206194454,-3.21031878167632,1.16091193878708
-0.243225152396211,-0.335516540684641,0.210741597687699,2.14008655895701,-0.450729577972759,-2.23689333447345,-1.64208742230769,-1.17331793721434,-3.06806685368238,1.87615914208187,-1.84586128302199,4.92212381406882,1.0625785536048,2.19765343723818,0.0960788140764837,-1.32421357329709,-0.84306224841714,-0.283933281697729,5.09230502652211,-2.10046888682774,0.86266969555589,-0.790517066476199,1.59608206223995,2.89200526001738,2.88560145632448,-0.230262926437156,-4.61288577113115,-0.350132674211459,0.726087345243773,-2.2159639813565,5.29858700714875,-0.263801962955202,-1.8227440693207,-4.54975725104964,-2.3062903441925,3.91069823355175,-1.48658408483695,4.48448782940934,-1.70450868616518,0.0801933361027468,2.77758605122274,-0.4311545418072,0.0689926453702269,-0.980227340958762,2.17192505745682,-0.995836676123385,-0.544248972627171,1.15428807860892,0.0543057612630409,-0.483280788153984,-2.48246390330178,1.07832765723736,2.19418106202852,0.0359606106282028,-0.676148221976231,-2.3404325921927,-1.89378610382202,0.815011530989789,4.21313665757691,3.11874586923588
-1.46935719724906,-4.49765154339293,-7.54509727311255,-0.614746443893174,1.05114997002799,-2.11556602693469,-4.93187946449298,3.62703251088902,1.97800583853734,-0.50265100879895,-1.80355048468516,-5.64991540727558,3.36781020513973,-3.30166750681306,-1.88660403962351,-1.74983942605405,-0.875773457548118,-0.899869945029425,-2.77520664087222,5.32255639879978,-2.41411053264637,0.984964395914895,-5.28846961821391,0.529477257140199,3.41984558846308,-0.371411601419772,1.13310084813779,1.10789091441121,2.63651591453829,-1.11083957938489,-7.60601261591809,-2.96687229558869,11.2481306250084,-0.698962994140238,0.406326251416999,5.51293152663536,4.27164141284586,0.615867554686864,-3.90463976960358,0.29841124755701,-0.527562524821723,4.67592195476783,-1.51370362241297,-3.23904416353677,-0.531662323605673,-1.28703975764562,-0.0768547768980654,2.1308277206902,-0.0165382003039328,-2.9564497252029,-3.75085745190976,0.356930264278571,3.52758704125298,-0.408281432819908,-7.07829353747018,1.06331035003771,2.28840583366037,3.7126863995519,-3.4343080415343,1.45737595511044
-1.56780264685258,5.61474261415042,1.53398848387299,-0.406074371175987,-1.49727669695159,-1.91344488631228,-0.506851117938043,-0.327055266986961,-3.51693097627761,0.554157113045435,0.554040894814767,3.6210900198258,1.9254028088779,0.17093883963925,0.000988223119735232,-1.26464615657668,-0.0863153716143464,-1.42161845131146,6.9376878981767,-0.660723405112416,0.0910435779910269,-5.6722582221713,-0.0937175226774376,-0.829607046016201,-0.629546692254572,0.574795716417403,2.82250710465371,2.76630290154982,3.5709786530988,-1.04299334422544,4.65215002774531,-0.340448928761092,0.18443610290349,-4.01464333803781,0.0842733091789498,2.39276440946296,-2.76975062290643,2.47656383692603,-1.15128788237157,-0.131725419922736,3.20153998965002,3.7581114364913,0.464692481694966,-4.4246357255839,-1.90269578897563,-2.2669777528981,-0.311757504661456,0.20588047651783,-2.35956371462381,2.47857182133232,-0.212136094713587,1.68145404610266,-0.875893377020024,-1.93029694891002,-5.26055104814144,-0.674799507254009,-2.67329428015564,-2.53630703001712,-0.132062298971598,2.39050893812647
-0.947150031816823,0.869004745645224,-0.403050700038366,-0.463368598986619,-1.44050499402588,-1.10878390903073,-0.789609886570947,1.20771067459753,-0.703779217454894,0.798719333106486,0.109575451770418,-0.200010154519816,1.09483310729687,0.0967127155096154,-0.990477509742828,-1.4021103064559,0.216882636514645,0.288892063753546,0.767975777731939,1.37741281646433,-1.42276767839546,-3.46204709117475,-0.679967381964858,-0.423412013970296,0.227762663678943,0.455683802536026,1.88512567548611,1.02815746848277,1.85604434938147,-1.16101593931358,-0.358528587466172,-0.451219600241393,0.963820392777395,-0.649035152488251,0.442952024147639,1.33918861773601,-1.0548130129817,1.16844057902121,-1.46021647152235,-0.47204023641602,0.850141332127894,3.18266204543971,0.152663484119651,-2.02561502135338,-0.842244245462951,-0.539402212529028,-0.852737248058352,-0.321972114754795,-0.962726210926054,-0.94460466157639,0.157741698168303,0.213479306156635,0.151696475110879,-1.49184467292798,-3.28321847816939,0.653138281503203,-1.07442004905679,0.0417861581792286,-1.52211030771827,1.27489475618131
-1.86749763625146,1.0015114508075,0.60783049386082,1.09488499487429,0.235473473408183,-1.03620604228288,-0.505262690974639,-0.229537942751542,-2.01960092164819,1.78370411799875,-1.45998794076246,1.42871572040861,1.59178444356599,0.382753761501389,0.901785752350155,-2.4802318457415,-1.25851408697871,-1.76243391346391,4.00551777588835,-0.474913861011265,-0.802573680867224,-4.2884484084978,0.687225298303426,2.0940295577432,1.54083301588705,-0.870536434475709,-0.623160412358974,2.61053416049129,0.900714902558713,-2.06485079130242,1.9169532635617,-0.661268278392318,-2.5262680783742,-2.01042637037099,-1.894559308751,2.768051650784,-3.86697922598471,5.12041674701998,-4.17884202484037,0.0261117895198769,0.437431731705296,2.38914124845033,1.55159115037841,-1.20153750232685,0.0431178465703916,0.0276119957102103,-0.00796891790983523,1.38700612474781,-0.589625304340275,-0.201054795104842,-0.37682739326752,0.433420127324265,1.19777684240916,-0.984181689984939,-3.43705811511542,-1.45617065129237,-0.189054157040224,-1.2365431155861,3.52915818784846,1.0940479250289
0.26714810301003,-2.0645297012779,0.900818916428124,0.187626269811368,-0.193709799188757,-1.52452802749404,-2.28230574762008,-1.59273707609654,-1.86748101319571,1.8010793215941,1.02616014448517,0.686710093980886,-0.00130458861269339,2.94913955633858,2.30413550634168,-1.467357518309,0.257658175440308,2.92494461680844,-0.294332079897349,1.22381653088074,-0.399684406892939,0.180509420877504,1.69104166943305,0.0244308661176209,0.0199042349808057,-0.810145648553965,-2.68228631723926,-1.93782478578551,1.07043832069545,-1.58913510495083,0.0214074452577744,-1.98708151268074,-2.05207412033516,-1.45971724890676,-1.68330891357966,2.59890055154334,-1.73432847002689,4.4707990444499,-0.367483998950058,1.42161877332977,2.52858277270954,-0.129890441723985,0.996313148703278,-2.22735307111621,1.37313715581658,-2.59545986288053,-0.96374976671058,-1.07227474714418,0.83766299776151,-2.46994742621813,-0.410043672258819,2.34996701034185,0.613370739928049,-3.07597605692176,-3.42804692330877,-1.24178190727365,-1.78433458374284,1.75855942063017,0.310777795637202,1.64524765671339
1.84699728363288,-3.82170674998062,0.885607912392472,1.4157866762438,-0.101094876458721,0.513750090564694,0.695032120704767,-0.808405992418577,0.137814440672215,2.40534181240463,-0.32676588902079,1.99081350226266,-1.8555657940732,3.64726744839446,1.79201986138925,-0.561676497927896,-0.250920211919629,0.202339935594744,-3.45201723968313,1.08751897669212,-0.0345758271556466,0.581861663637082,1.03654748643421,0.563095302243438,0.966931930652043,1.42833402973933,-3.82373579683743,-2.74422209410731,-0.871931763974433,-1.42467744004626,-0.404877314586983,-1.43389905851881,-4.73448386025479,0.564355992588874,-0.784893050555634,0.576408664777937,-0.407611426876141,1.97187629194531,-0.494412867259742,0.979392420178401,0.51945719642746,-2.87330486620082,0.69121675578256,1.79989531892895,1.50533177829272,-0.959188914670304,0.0767335622598226,-0.171695261860251,2.21651844449952,-2.78621776696523,0.246434518359296,0.658868870846036,1.93648183816104,-1.15016317001166,1.53224028812573,1.27811492795717,-0.223019054948453,3.26056765092103,1.36700901511712,-0.743289096015885
0.0830761578314483,0.313076035607166,-0.198679505966818,0.952746196238772,0.299525110712369,-0.553399988016197,-2.14283744758721,1.60713300830221,-0.679309532956023,0.893553594770672,-0.72294074210695,0.34836219183202,1.26472067459988,0.830324587155953,0.816261198744676,-1.01711579164204,-0.79922154280735,-0.93851775290526,1.26529337901324,3.15157099818282,0.166431714661089,-2.59922002145766,-0.599902287933681,0.429755570626911,0.486278713601623,0.857056315765633,-1.26630229775649,0.472852300961834,1.27054808678529,-1.46460362608463,-1.31427420730049,-1.7324961676245,-0.443520199017471,-1.7033483649265,-1.87136049659102,3.69600204065551,-2.79020478618168,3.01647216186014,-2.11092312595236,1.45664567723165,0.278762418053,-0.250984632876916,0.185398166415161,0.473891321372519,-0.0805625569252019,-0.15504413357918,0.15828877975126,0.451816882008858,0.161134755386737,-0.837913227675824,-1.09777237637897,1.44094179044249,1.01120893082573,-0.495545986979593,-3.83499903750084,0.0336994420398469,0.30592530395415,0.151369267526123,0.880022957009295,2.02417772092999
0.98907819178568,-2.27447292878174,3.44440345579005,-0.458874681231033,-0.337126531609592,0.434310084966848,-1.29481202084156,-1.52439137459665,-2.93554898148187,2.25774283959418,0.6245918306801,1.76631195122303,-1.7968717961353,5.67131441625255,2.87428941234652,-0.804647223458139,-0.104405922336171,2.45908401627426,-3.0936252861235,2.29548894841198,0.814294479441626,2.20751847332608,0.789221804418219,-0.813346340391416,-0.953553475474481,0.524062623990536,-4.16595391793072,-3.56872399536584,0.322343998807576,-2.27714911115785,-0.979433500609682,-1.43053416263986,-3.8030009050766,-0.99124850934429,-2.71235729655027,1.99530566687161,-2.21111325095739,3.46799596503107,2.98497911743518,1.78734256281226,2.13873918038818,-2.3135705786018,-1.76159670339588,-0.255912836177545,1.61030115975047,-0.97248949208314,0.258057474255645,-1.71131755778103,0.469139827899732,-3.98787869011571,1.98166859770786,3.94150232090289,0.452555855952149,-2.2125950256685,-0.76834283168978,0.257647246438594,-1.00754413938066,2.66318483476922,0.0460248211192428,2.44015510068524
1.36229282556649,0.527406723081213,-2.44515816225247,-1.18068765382908,0.67287096785714,-0.623606258050144,0.82914827898807,3.07288389856412,2.65100978512772,-0.350705811902968,-0.302807535459411,-0.927694025408922,1.05785085468802,-2.2752707964536,-1.20522520338216,1.44460135772789,-2.01051074534085,-3.41821367601448,0.0205863068624969,3.40609278574421,0.294996798187162,-1.8735168459408,-2.49658798935046,-0.272319621383912,-0.103846750536106,1.46268982665994,3.42975075946539,1.66199911376346,0.629119939068852,-0.736710641879824,-2.2512811698611,0.552681648804308,2.12232016880365,2.53091660023162,1.56372421123116,0.0827370078859897,0.801162903998928,-0.295370092385623,-2.81704974231141,0.961278686977803,-3.02539653014824,2.10598950844688,-0.286668339753105,2.4096881543324,-1.30182482855081,1.35828604847269,-0.125730184504454,1.79558281747956,0.795862275084972,1.3686305782582,0.205906124067824,-2.55503404895407,-0.317960880030904,-0.255122199944025,-2.80242185219488,2.21214174694001,1.15352778073926,-1.43518906673868,-2.8202310000704,0.35732729145762
